DesignMasterID,DesignMasterCode,DesignMasterName,CustomerID,TrayID,ActiveRevisionID,DesignMasterStatus,CreatedAt,Notes,UpdatedAt,UpdatedBy
1,SMK227D-MDID-4744,SMK-227D,71,5222,1,ACTIVE,3/9/2026,seed from tblMoldDesign MoldDesignID=4744,,
2,CHG008D-MDID-4745,CHG-008D,432,5224,2,ACTIVE,3/9/2026,seed from tblMoldDesign MoldDesignID=4745,,
3,JAE036ZF-MDID-4648,JAE-036 ZF,177,618,3,ACTIVE,11/13/2025,seed from tblMoldDesign MoldDesignID=4648,,
4,CHG004DR1-MDID-4649,CHG-004D R1,432,5143,4,ACTIVE,11/13/2025,seed from tblMoldDesign MoldDesignID=4649,,
5,OOT044-MDID-4650,OOT-044,38,5144,5,ACTIVE,11/13/2025,seed from tblMoldDesign MoldDesignID=4650,,
6,TE61611R2-MDID-4651,TE-6-161-1 R2,93,5145,6,ACTIVE,11/13/2025,seed from tblMoldDesign MoldDesignID=4651,,
7,TOK019-MDID-4652,TOK-019,103,5146,7,ACTIVE,11/14/2025,seed from tblMoldDesign MoldDesignID=4652,,
8,TOK020-MDID-4653,TOK-020,103,5147,8,ACTIVE,11/14/2025,seed from tblMoldDesign MoldDesignID=4653,,
9,ASH017-MDID-4654,ASH-017,123,5137,9,ACTIVE,11/17/2025,seed from tblMoldDesign MoldDesignID=4654,,
10,JAE363D-MDID-4655,JAE-363D,177,5148,10,ACTIVE,11/18/2025,seed from tblMoldDesign MoldDesignID=4655,,
11,JAE364D-MDID-4656,JAE-364D,177,5149,11,ACTIVE,11/18/2025,seed from tblMoldDesign MoldDesignID=4656,,
12,MCT004DR1-MDID-4657,MCT-004D R1,346,5150,12,ACTIVE,11/19/2025,seed from tblMoldDesign MoldDesignID=4657,,
13,YCM078-MDID-4658,YCM-078,230,5138,13,ACTIVE,11/20/2025,seed from tblMoldDesign MoldDesignID=4658,,
14,KSP219-MDID-4690,KSP-219,199,5176,14,ACTIVE,1/5/2026,seed from tblMoldDesign MoldDesignID=4690,,
15,AON004-MDID-4691,AON-004,118,5177,15,ACTIVE,1/5/2026,seed from tblMoldDesign MoldDesignID=4691,,
16,KSP220R1-MDID-4692,KSP-220 R1,199,5178,16,ACTIVE,1/6/2026,seed from tblMoldDesign MoldDesignID=4692,,
17,KSP221-MDID-4694,KSP-221,199,5179,17,ACTIVE,1/7/2026,seed from tblMoldDesign MoldDesignID=4694,,
18,JAE369R1-MDID-4695,JAE-369 R1,177,5180,18,ACTIVE,1/7/2026,seed from tblMoldDesign MoldDesignID=4695,,
19,APF001-MDID-4696,APF-001,119,5181,19,ACTIVE,1/8/2026,seed from tblMoldDesign MoldDesignID=4696,,
20,JAE368R1-MDID-4697,JAE-368 R1,177,5182,20,ACTIVE,1/8/2026,seed from tblMoldDesign MoldDesignID=4697,,
21,KSP222-MDID-4698,KSP-222,199,5183,21,ACTIVE,1/8/2026,seed from tblMoldDesign MoldDesignID=4698,,
22,MTM191DR5-MDID-4737,MTM-191D R5,9,5214,22,ACTIVE,3/3/2026,seed from tblMoldDesign MoldDesignID=4737,,
23,SIT027-MDID-4621,SIT-027,62,5118,23,ACTIVE,10/8/2025,seed from tblMoldDesign MoldDesignID=4621,,
24,RPD004R2-MDID-4623,RPD-004 R2,428,5119,24,ACTIVE,10/9/2025,seed from tblMoldDesign MoldDesignID=4623,,
25,SIT028R1-MDID-4624,SIT-028 R1,62,5120,25,ACTIVE,10/9/2025,seed from tblMoldDesign MoldDesignID=4624,,
26,RPD005R1-MDID-4625,RPD-005 R1,428,5121,26,ACTIVE,10/14/2025,seed from tblMoldDesign MoldDesignID=4625,,
27,RPD006R1-MDID-4626,RPD-006 R1,428,5122,27,ACTIVE,10/14/2025,seed from tblMoldDesign MoldDesignID=4626,,
28,JAE359-MDID-4627,JAE-359,177,5123,28,ACTIVE,10/16/2025,seed from tblMoldDesign MoldDesignID=4627,,
29,ASH015DR1-MDID-4628,ASH-015D R1,123,5124,29,ACTIVE,10/16/2025,seed from tblMoldDesign MoldDesignID=4628,,
30,JAE357R3-MDID-4629,JAE-357 R3,177,5125,30,ACTIVE,10/17/2025,seed from tblMoldDesign MoldDesignID=4629,,
31,SCW004-MDID-4630,SCW-004,427,5126,31,ACTIVE,10/17/2025,seed from tblMoldDesign MoldDesignID=4630,,
32,JAE357R4-MDID-4660,JAE-357 R4,177,5125,32,ACTIVE,11/20/2025,seed from tblMoldDesign MoldDesignID=4660,,
33,JAE358R2-MDID-4661,JAE-358 R2,177,5128,33,ACTIVE,11/20/2025,seed from tblMoldDesign MoldDesignID=4661,,
34,KOS027-MDID-4662,KOS-027,195,5154,34,ACTIVE,11/27/2025,seed from tblMoldDesign MoldDesignID=4662,,
35,KOS029-MDID-4663,KOS-029,195,5155,35,ACTIVE,11/27/2025,seed from tblMoldDesign MoldDesignID=4663,,
36,ATS022DR1-MDID-4664,ATS-022D R1,125,5156,36,ACTIVE,11/27/2025,seed from tblMoldDesign MoldDesignID=4664,,
37,THP008R2-MDID-4665,THP-008 R2,94,5141,37,ACTIVE,11/28/2025,seed from tblMoldDesign MoldDesignID=4665,,
38,MCT004R1-MDID-4666,MCT-004 R1,346,5133,38,ACTIVE,11/28/2025,seed from tblMoldDesign MoldDesignID=4666,,
39,KOS028-MDID-4667,KOS-028,195,5155,39,ACTIVE,12/1/2025,seed from tblMoldDesign MoldDesignID=4667,,
40,CHG005R1-MDID-4668,CHG-005 R1,432,5157,40,ACTIVE,12/1/2025,seed from tblMoldDesign MoldDesignID=4668,,
41,ODS056D-MDID-4669,ODS-056D,32,5158,41,ACTIVE,12/1/2025,seed from tblMoldDesign MoldDesignID=4669,,
42,JAE364-MDID-4670,JAE-364,177,5159,42,ACTIVE,12/2/2025,seed from tblMoldDesign MoldDesignID=4670,,
43,YCM002-MDID-4671,YCM-002,230,5160,43,ACTIVE,12/3/2025,seed from tblMoldDesign MoldDesignID=4671,,
44,YCM003-MDID-4672,YCM-003,230,5161,44,ACTIVE,12/3/2025,seed from tblMoldDesign MoldDesignID=4672,,
45,YCM004-MDID-4673,YCM-004,230,5162,45,ACTIVE,12/3/2025,seed from tblMoldDesign MoldDesignID=4673,,
46,YCM005-MDID-4674,YCM-005,230,5163,46,ACTIVE,12/3/2025,seed from tblMoldDesign MoldDesignID=4674,,
47,JAE363R1-MDID-4675,JAE-363 R1,177,5148,47,ACTIVE,12/3/2025,seed from tblMoldDesign MoldDesignID=4675,,
48,KWE005-MDID-4676,KWE-005,202,5164,48,ACTIVE,12/4/2025,seed from tblMoldDesign MoldDesignID=4676,,
49,CHG006R1-MDID-4677,CHG-006 R1,432,5165,49,ACTIVE,12/5/2025,seed from tblMoldDesign MoldDesignID=4677,,
50,TE41275-MDID-4678,TE-4-127-5,93,5166,50,ACTIVE,12/8/2025,seed from tblMoldDesign MoldDesignID=4678,,
51,ODS056-MDID-4679,ODS-056,32,5158,51,ACTIVE,12/9/2025,seed from tblMoldDesign MoldDesignID=4679,,
52,MTM185R3CAV34-MDID-4681,MTM-185R3 CAV3-4,9,5167,52,ACTIVE,12/10/2025,seed from tblMoldDesign MoldDesignID=4681,,
53,DIC165R1D-MDID-4682,DIC-165R1 D,141,5168,53,ACTIVE,12/10/2025,seed from tblMoldDesign MoldDesignID=4682,,
54,MTM186R1CAV34-MDID-4683,MTM-186R1 CAV3-4,9,5169,54,ACTIVE,12/11/2025,seed from tblMoldDesign MoldDesignID=4683,,
55,MTM187R4CAV34-MDID-4684,MTM-187 R4 CAV34,9,5011,55,ACTIVE,12/15/2025,seed from tblMoldDesign MoldDesignID=4684,,
56,MTM188CAV34-MDID-4685,MTM-188 CAV3-4,9,4995,56,ACTIVE,6/18/2025,seed from tblMoldDesign MoldDesignID=4685,,
57,MTM189D-MDID-4686,MTM-189 D,9,5172,57,ACTIVE,12/19/2025,seed from tblMoldDesign MoldDesignID=4686,,
58,ASH018-MDID-4687,ASH-018,123,5173,58,ACTIVE,12/22/2025,seed from tblMoldDesign MoldDesignID=4687,,
59,SMK225-MDID-4688,SMK-225,71,5174,59,ACTIVE,12/24/2025,seed from tblMoldDesign MoldDesignID=4688,,
60,ASH019R1D-MDID-4689,ASH-019R1 D,123,5175,60,ACTIVE,12/24/2025,seed from tblMoldDesign MoldDesignID=4689,,
61,JAE325R3-MDID-4699,JAE-325 R3,177,4470,61,ACTIVE,10/21/2024,seed from tblMoldDesign MoldDesignID=4699,,
62,JAE373-MDID-4732,JAE-373,177,5211,62,ACTIVE,2/25/2026,seed from tblMoldDesign MoldDesignID=4732,,
63,MTM189-MDID-4733,MTM-189,9,5172,63,ACTIVE,2/25/2026,seed from tblMoldDesign MoldDesignID=4733,,
64,JAE374-MDID-4734,JAE-374,177,5212,64,ACTIVE,2/26/2026,seed from tblMoldDesign MoldDesignID=4734,,
65,DIC167-MDID-4735,DIC-167,141,5213,65,ACTIVE,2/28/2026,seed from tblMoldDesign MoldDesignID=4735,,
66,KSP211DR5-MDID-4736,KSP-211D R5,199,5195,66,ACTIVE,2/28/2026,seed from tblMoldDesign MoldDesignID=4736,,
67,PB355X240-MDID-4738,PB-355X240,437,5215,67,ACTIVE,3/4/2026,seed from tblMoldDesign MoldDesignID=4738,,
68,AON005-MDID-4739,AON-005,118,5216,68,ACTIVE,3/4/2026,seed from tblMoldDesign MoldDesignID=4739,,
69,WB470X347-MDID-4741,WB-470X347,438,5219,69,ACTIVE,3/5/2026,seed from tblMoldDesign MoldDesignID=4741,,
70,MTM193DR3-MDID-4742,MTM-193D R3,9,5205,70,ACTIVE,3/5/2026,seed from tblMoldDesign MoldDesignID=4742,,
71,KOS032-MDID-4743,KOS-032,195,5221,71,ACTIVE,3/5/2026,seed from tblMoldDesign MoldDesignID=4743,,
72,JAE367DR4-MDID-4700,JAE-367D R4,177,5184,72,ACTIVE,1/9/2026,seed from tblMoldDesign MoldDesignID=4700,,
73,ASH019R1-MDID-4701,ASH-019 R1,123,5185,73,ACTIVE,1/14/2026,seed from tblMoldDesign MoldDesignID=4701,,
74,YCM020-MDID-4702,YCM-020,230,5186,74,ACTIVE,1/16/2026,seed from tblMoldDesign MoldDesignID=4702,,
75,MTM190DR2-MDID-4703,MTM-190D R2,9,5187,75,ACTIVE,1/16/2026,seed from tblMoldDesign MoldDesignID=4703,,
76,SMK218DR3-MDID-4704,SMK-218D R3,71,5188,76,ACTIVE,1/17/2026,seed from tblMoldDesign MoldDesignID=4704,,
77,SSM058-MDID-4705,SSM-058,81,5189,77,ACTIVE,1/19/2026,seed from tblMoldDesign MoldDesignID=4705,,
78,JAE370R2-MDID-4706,JAE-370 R2,177,5190,78,ACTIVE,1/20/2026,seed from tblMoldDesign MoldDesignID=4706,,
79,JAE365R3-MDID-4707,JAE-365 R3,177,5191,79,ACTIVE,1/26/2026,seed from tblMoldDesign MoldDesignID=4707,,
80,JAE366R1-MDID-4708,JAE-366 R1,177,5192,80,ACTIVE,1/26/2026,seed from tblMoldDesign MoldDesignID=4708,,
81,SIT029D-MDID-4709,SIT-029D,62,5193,81,ACTIVE,1/27/2026,seed from tblMoldDesign MoldDesignID=4709,,
82,SHT021-MDID-4613,SHT-021,61,5113,82,ACTIVE,10/1/2025,seed from tblMoldDesign MoldDesignID=4613,,
83,ASH013xx-MDID-4615,ASH-013xx,123,5002,83,ACTIVE,10/2/2025,seed from tblMoldDesign MoldDesignID=4615,,
84,TE91277R1-MDID-4616,TE-9-127-7 R1,93,5114,84,ACTIVE,10/3/2025,seed from tblMoldDesign MoldDesignID=4616,,
85,SIT025-MDID-4617,SIT-025,62,5079,85,ACTIVE,10/3/2025,seed from tblMoldDesign MoldDesignID=4617,,
86,SIT026R1-MDID-4618,SIT-026 R1,62,5115,86,ACTIVE,10/3/2025,seed from tblMoldDesign MoldDesignID=4618,,
87,KDS144-MDID-4619,KDS-144,248,5116,87,ACTIVE,10/6/2025,seed from tblMoldDesign MoldDesignID=4619,,
88,ENT004-MDID-4620,ENT-004,309,5117,88,ACTIVE,10/7/2025,seed from tblMoldDesign MoldDesignID=4620,,
89,ASH016DR1-MDID-4631,ASH-016D R1,123,5127,89,ACTIVE,10/17/2025,seed from tblMoldDesign MoldDesignID=4631,,
90,JAE358R1-MDID-4632,JAE-358 R1,177,5128,90,ACTIVE,10/18/2025,seed from tblMoldDesign MoldDesignID=4632,,
91,TE24933072-MDID-4633,TE-2493307-2,93,5129,91,ACTIVE,10/20/2025,seed from tblMoldDesign MoldDesignID=4633,,
92,JAE361-MDID-4634,JAE-361,177,5130,92,ACTIVE,10/22/2025,seed from tblMoldDesign MoldDesignID=4634,,
93,JAE355R1-MDID-4583,JAE-355 R1,177,5088,93,ACTIVE,9/22/2025,seed from tblMoldDesign MoldDesignID=4583,,
94,JAE356-MDID-4584,JAE-356,177,5089,94,ACTIVE,9/22/2025,seed from tblMoldDesign MoldDesignID=4584,,
95,KDS142R3-MDID-4585,KDS-142 R3,248,5090,95,ACTIVE,9/24/2025,seed from tblMoldDesign MoldDesignID=4585,,
96,KDS032-MDID-4587,KDS-032,248,4734,96,ACTIVE,9/29/2025,seed from tblMoldDesign MoldDesignID=4587,,
97,KDS058-MDID-4588,KDS-058,248,4734,97,ACTIVE,9/29/2025,seed from tblMoldDesign MoldDesignID=4588,,
98,KDS022-MDID-4589,KDS-022,248,2,98,ACTIVE,9/29/2025,seed from tblMoldDesign MoldDesignID=4589,,
99,KDS066T-MDID-4590,KDS-066T,248,2,99,ACTIVE,9/29/2025,seed from tblMoldDesign MoldDesignID=4590,,
100,KDS066B-MDID-4591,KDS-066B,248,5095,100,ACTIVE,9/29/2025,seed from tblMoldDesign MoldDesignID=4591,,
101,KDS046-MDID-4592,KDS-046,248,5096,101,ACTIVE,9/29/2025,seed from tblMoldDesign MoldDesignID=4592,,
102,12X356X460-MDID-1,12X356X460,244,40,102,ACTIVE,3/10/2026,seed from tblMoldDesign MoldDesignID=1,,
103,26.5ｘ82.5ｘ480-MDID-2,26.5ｘ82.5ｘ480,244,36,103,ACTIVE,3/10/2026,seed from tblMoldDesign MoldDesignID=2,,
104,36x260x380-MDID-3,36x260x380,244,2933,104,ACTIVE,3/10/2026,seed from tblMoldDesign MoldDesignID=3,,
105,3x246x335-MDID-4,3x246x335,244,42,105,ACTIVE,3/10/2026,seed from tblMoldDesign MoldDesignID=4,,
106,5x600x745DIM018-MDID-5,5x600x745 DIM-018,244,45,106,ACTIVE,3/10/2026,seed from tblMoldDesign MoldDesignID=5,,
107,74CABFORSTAKING-MDID-6,74C AB FOR STAKING,244,52,107,ACTIVE,3/10/2026,seed from tblMoldDesign MoldDesignID=6,,
108,74CALUMBASEVer10t-MDID-7,74C ALUM BASE Ver10t,244,156,108,ACTIVE,3/10/2026,seed from tblMoldDesign MoldDesignID=7,,
109,74CALUMCUTTERBASE-MDID-8,74C ALUM CUTTER BASE,244,53,109,ACTIVE,3/10/2026,seed from tblMoldDesign MoldDesignID=8,,
110,74CCommonUpperParts-MDID-9,74C Common Upper Parts,244,54,110,ACTIVE,3/10/2026,seed from tblMoldDesign MoldDesignID=9,,
111,74CJAECUTTERBASEPLATE-MDID-10,74C JAE CUTTER BASE PLATE,244,2952,111,ACTIVE,3/10/2026,seed from tblMoldDesign MoldDesignID=10,,
112,74CPBH20-MDID-11,74C PB-H20,244,2952,112,ACTIVE,3/10/2026,seed from tblMoldDesign MoldDesignID=11,,
113,74CVENEERBASE-MDID-12,74C VENEER BASE,244,2952,113,ACTIVE,3/10/2026,seed from tblMoldDesign MoldDesignID=12,,
114,74Cスタック用NPCT409-MDID-13,74C スタック用 NPC-T-409,25,2952,114,ACTIVE,3/10/2026,seed from tblMoldDesign MoldDesignID=13,,
115,74CH15UPPER-MDID-14,74C-H15 UPPER,244,2952,115,ACTIVE,3/10/2026,seed from tblMoldDesign MoldDesignID=14,,
116,A別抜き-MDID-15,A 別抜き,244,2952,116,ACTIVE,5/16/2023,seed from tblMoldDesign MoldDesignID=15,,
117,AAT-MDID-16,AAT,109,3846,117,ACTIVE,11/18/2014,seed from tblMoldDesign MoldDesignID=16,,
118,AAT001B-MDID-17,AAT-001B,109,3847,118,ACTIVE,10/20/2014,seed from tblMoldDesign MoldDesignID=17,,
119,AAT001T-MDID-18,AAT-001T,109,3847,119,ACTIVE,12/16/2014,seed from tblMoldDesign MoldDesignID=18,,
120,AAT004B-MDID-19,AAT-004B,109,76,120,ACTIVE,6/6/2016,seed from tblMoldDesign MoldDesignID=19,,
121,AAT004T-MDID-20,AAT-004T,109,76,121,ACTIVE,6/6/2016,seed from tblMoldDesign MoldDesignID=20,,
122,AAT005-MDID-21,AAT-005,109,78,122,ACTIVE,12/6/2016,seed from tblMoldDesign MoldDesignID=21,,
123,AAT006-MDID-22,AAT-006,109,79,123,ACTIVE,12/8/2016,seed from tblMoldDesign MoldDesignID=22,,
124,AAT007-MDID-23,AAT-007,109,80,124,ACTIVE,7/21/2021,seed from tblMoldDesign MoldDesignID=23,,
125,AAT008-MDID-24,AAT-008,109,81,125,ACTIVE,3/10/2026,seed from tblMoldDesign MoldDesignID=24,,
126,ADV-MDID-25,ADV,110,82,126,ACTIVE,12/9/2014,seed from tblMoldDesign MoldDesignID=25,,
127,ADV002-MDID-26,ADV-002,110,85,127,ACTIVE,3/10/2026,seed from tblMoldDesign MoldDesignID=26,,
128,ADV006-MDID-27,ADV-006,110,3849,128,ACTIVE,3/10/2026,seed from tblMoldDesign MoldDesignID=27,,
129,ADV007-MDID-28,ADV-007,110,3850,129,ACTIVE,3/10/2026,seed from tblMoldDesign MoldDesignID=28,,
130,ADV008-MDID-29,ADV-008,110,3851,130,ACTIVE,3/10/2026,seed from tblMoldDesign MoldDesignID=29,,
131,ADV009-MDID-30,ADV-009,110,83,131,ACTIVE,3/10/2026,seed from tblMoldDesign MoldDesignID=30,,
132,ADV014-MDID-31,ADV-014,110,3852,132,ACTIVE,3/10/2026,seed from tblMoldDesign MoldDesignID=31,,
133,ADV015-MDID-32,ADV-015,110,3853,133,ACTIVE,3/10/2026,seed from tblMoldDesign MoldDesignID=32,,
134,ADV017-MDID-33,ADV-017,110,84,134,ACTIVE,3/10/2026,seed from tblMoldDesign MoldDesignID=33,,
135,ADV019-MDID-34,ADV-019,110,3854,135,ACTIVE,3/10/2026,seed from tblMoldDesign MoldDesignID=34,,
136,ADV023-MDID-35,ADV-023,110,3855,136,ACTIVE,3/10/2026,seed from tblMoldDesign MoldDesignID=35,,
137,ADV024-MDID-36,ADV-024,110,3856,137,ACTIVE,3/10/2026,seed from tblMoldDesign MoldDesignID=36,,
138,ADV025R-MDID-37,ADV-025R,110,86,138,ACTIVE,3/10/2026,seed from tblMoldDesign MoldDesignID=37,,
139,ADV026-MDID-38,ADV-026,110,87,139,ACTIVE,3/10/2026,seed from tblMoldDesign MoldDesignID=38,,
140,ADV027-MDID-39,ADV-027,110,88,140,ACTIVE,3/10/2026,seed from tblMoldDesign MoldDesignID=39,,
141,ADV029R-MDID-40,ADV-029 R,110,89,141,ACTIVE,3/10/2026,seed from tblMoldDesign MoldDesignID=40,,
142,ADV032-MDID-41,ADV-032,110,90,142,ACTIVE,3/10/2026,seed from tblMoldDesign MoldDesignID=41,,
143,ADV033-MDID-42,ADV-033,110,91,143,ACTIVE,12/9/2014,seed from tblMoldDesign MoldDesignID=42,,
144,ADV034-MDID-43,ADV-034,110,92,144,ACTIVE,12/8/2014,seed from tblMoldDesign MoldDesignID=43,,
145,ADV035-MDID-44,ADV-035,110,3857,145,ACTIVE,2/9/2015,seed from tblMoldDesign MoldDesignID=44,,
146,ADV037-MDID-45,ADV-037,110,93,146,ACTIVE,7/24/2018,seed from tblMoldDesign MoldDesignID=45,,
147,ADY006-MDID-46,ADY-006,111,94,147,ACTIVE,3/10/2026,seed from tblMoldDesign MoldDesignID=46,,
148,ADY051-MDID-47,ADY-051,111,95,148,ACTIVE,3/10/2026,seed from tblMoldDesign MoldDesignID=47,,
149,ADY053-MDID-48,ADY-053,111,96,149,ACTIVE,3/10/2026,seed from tblMoldDesign MoldDesignID=48,,
150,ADY054-MDID-49,ADY-054,111,3858,150,ACTIVE,3/10/2026,seed from tblMoldDesign MoldDesignID=49,,
151,ADY055-MDID-50,ADY-055,111,97,151,ACTIVE,3/10/2026,seed from tblMoldDesign MoldDesignID=50,,
152,ADY059-MDID-51,ADY-059,111,98,152,ACTIVE,3/10/2026,seed from tblMoldDesign MoldDesignID=51,,
153,ADY060-MDID-52,ADY-060,111,3859,153,ACTIVE,3/10/2026,seed from tblMoldDesign MoldDesignID=52,,
154,ADY061-MDID-53,ADY-061,111,99,154,ACTIVE,3/10/2026,seed from tblMoldDesign MoldDesignID=53,,
155,ADY062-MDID-54,ADY-062,111,100,155,ACTIVE,3/10/2026,seed from tblMoldDesign MoldDesignID=54,,
156,ADY063-MDID-55,ADY-063,111,101,156,ACTIVE,3/10/2026,seed from tblMoldDesign MoldDesignID=55,,
157,ADY064-MDID-56,ADY-064,111,102,157,ACTIVE,3/10/2026,seed from tblMoldDesign MoldDesignID=56,,
158,ADY067-MDID-57,ADY-067,111,103,158,ACTIVE,3/10/2026,seed from tblMoldDesign MoldDesignID=57,,
159,ADY068-MDID-58,ADY-068,111,3860,159,ACTIVE,3/10/2026,seed from tblMoldDesign MoldDesignID=58,,
160,ADY069-MDID-59,ADY-069,111,3861,160,ACTIVE,3/10/2026,seed from tblMoldDesign MoldDesignID=59,,
161,ADY070-MDID-60,ADY-070,111,104,161,ACTIVE,3/10/2026,seed from tblMoldDesign MoldDesignID=60,,
162,ADY071-MDID-61,ADY-071,111,105,162,ACTIVE,3/10/2026,seed from tblMoldDesign MoldDesignID=61,,
163,ADY074-MDID-62,ADY-074,111,4365,163,ACTIVE,10/20/2014,seed from tblMoldDesign MoldDesignID=62,,
164,ADY075-MDID-63,ADY-075,111,3862,164,ACTIVE,10/20/2014,seed from tblMoldDesign MoldDesignID=63,,
165,ADY076-MDID-64,ADY-076,111,106,165,ACTIVE,10/20/2014,seed from tblMoldDesign MoldDesignID=64,,
166,ADY077-MDID-65,ADY-077,111,3863,166,ACTIVE,10/20/2014,seed from tblMoldDesign MoldDesignID=65,,
167,ADY078-MDID-66,ADY-078,111,107,167,ACTIVE,3/10/2026,seed from tblMoldDesign MoldDesignID=66,,
168,ADY078B-MDID-67,ADY-078B,111,107,168,ACTIVE,3/10/2026,seed from tblMoldDesign MoldDesignID=67,,
169,ADY078T-MDID-68,ADY-078T,111,107,169,ACTIVE,3/10/2026,seed from tblMoldDesign MoldDesignID=68,,
170,ADY079-MDID-69,ADY-079,111,108,170,ACTIVE,12/4/2014,seed from tblMoldDesign MoldDesignID=69,,
171,ADY080-MDID-70,ADY-080,111,109,171,ACTIVE,2/4/2015,seed from tblMoldDesign MoldDesignID=70,,
172,ADY081-MDID-71,ADY-081,111,110,172,ACTIVE,2/23/2015,seed from tblMoldDesign MoldDesignID=71,,
173,ADY082-MDID-72,ADY-082,111,111,173,ACTIVE,2/9/2015,seed from tblMoldDesign MoldDesignID=72,,
174,ADY083-MDID-73,ADY-083,111,112,174,ACTIVE,3/12/2015,seed from tblMoldDesign MoldDesignID=73,,
175,ADY083R-MDID-74,ADY-083R,111,112,175,ACTIVE,4/24/2015,seed from tblMoldDesign MoldDesignID=74,,
176,ADY084-MDID-75,ADY-084,111,114,176,ACTIVE,3/3/2015,seed from tblMoldDesign MoldDesignID=75,,
177,ADY085-MDID-76,ADY-085,111,115,177,ACTIVE,4/22/2015,seed from tblMoldDesign MoldDesignID=76,,
178,ADY086-MDID-77,ADY-086,111,116,178,ACTIVE,5/8/2015,seed from tblMoldDesign MoldDesignID=77,,
179,ADY087-MDID-78,ADY-087,111,117,179,ACTIVE,5/21/2015,seed from tblMoldDesign MoldDesignID=78,,
180,ADY088-MDID-79,ADY-088,111,3866,180,ACTIVE,10/14/2015,seed from tblMoldDesign MoldDesignID=79,,
181,ADY089-MDID-80,ADY-089,111,118,181,ACTIVE,10/27/2015,seed from tblMoldDesign MoldDesignID=80,,
182,ADY090R-MDID-81,ADY-090 R,111,119,182,ACTIVE,12/22/2015,seed from tblMoldDesign MoldDesignID=81,,
183,ADY090(梱包）-MDID-82,ADY-090 (梱包）,111,119,183,ACTIVE,3/10/2026,seed from tblMoldDesign MoldDesignID=82,,
184,ADY092-MDID-83,ADY-092,111,120,184,ACTIVE,2/5/2016,seed from tblMoldDesign MoldDesignID=83,,
185,ADY093R-MDID-84,ADY-093R,111,121,185,ACTIVE,3/10/2026,seed from tblMoldDesign MoldDesignID=84,,
186,ADY096-MDID-85,ADY-096,111,122,186,ACTIVE,7/2/2016,seed from tblMoldDesign MoldDesignID=85,,
187,ADY097-MDID-86,ADY-097,111,123,187,ACTIVE,6/10/2016,seed from tblMoldDesign MoldDesignID=86,,
188,ADY098-MDID-87,ADY-098,111,124,188,ACTIVE,6/7/2016,seed from tblMoldDesign MoldDesignID=87,,
189,ADY099-MDID-88,ADY-099,111,125,189,ACTIVE,8/17/2016,seed from tblMoldDesign MoldDesignID=88,,
190,ADY099B-MDID-89,ADY-099B,111,125,190,ACTIVE,8/17/2016,seed from tblMoldDesign MoldDesignID=89,,
191,ADY099T-MDID-90,ADY-099T,111,125,191,ACTIVE,8/8/2016,seed from tblMoldDesign MoldDesignID=90,,
192,ADY101-MDID-91,ADY-101,111,126,192,ACTIVE,6/16/2016,seed from tblMoldDesign MoldDesignID=91,,
193,ADY102-MDID-92,ADY-102,111,127,193,ACTIVE,6/15/2016,seed from tblMoldDesign MoldDesignID=92,,
194,ADY103-MDID-93,ADY-103,111,128,194,ACTIVE,4/20/2016,seed from tblMoldDesign MoldDesignID=93,,
195,ADY104-MDID-94,ADY-104,111,129,195,ACTIVE,6/18/2016,seed from tblMoldDesign MoldDesignID=94,,
196,ADY105-MDID-95,ADY-105,111,130,196,ACTIVE,6/14/2016,seed from tblMoldDesign MoldDesignID=95,,
197,ADY106-MDID-96,ADY-106,111,131,197,ACTIVE,4/26/2016,seed from tblMoldDesign MoldDesignID=96,,
198,ADY108-MDID-97,ADY-108,111,132,198,ACTIVE,1/10/2017,seed from tblMoldDesign MoldDesignID=97,,
199,ADY110-MDID-98,ADY-110,111,133,199,ACTIVE,3/21/2017,seed from tblMoldDesign MoldDesignID=98,,
200,ADY111-MDID-99,ADY-111,111,134,200,ACTIVE,4/28/2017,seed from tblMoldDesign MoldDesignID=99,,
201,EK002-MDID-435,EK-002,148,428,201,ACTIVE,3/10/2026,seed from tblMoldDesign MoldDesignID=435,,
202,ELI001R1-MDID-436,ELI-001 R1,149,429,202,ACTIVE,3/10/2026,seed from tblMoldDesign MoldDesignID=436,,
203,ELP009-MDID-437,ELP-009,341,3895,203,ACTIVE,3/10/2026,seed from tblMoldDesign MoldDesignID=437,,
204,ELP200-MDID-438,ELP-200,341,3896,204,ACTIVE,3/10/2026,seed from tblMoldDesign MoldDesignID=438,,
205,ELS001-MDID-439,ELS-001,150,430,205,ACTIVE,3/10/2026,seed from tblMoldDesign MoldDesignID=439,,
206,EMI001-MDID-440,EMI-001,321,431,206,ACTIVE,3/10/2026,seed from tblMoldDesign MoldDesignID=440,,
207,ENT001-MDID-441,ENT-001,309,432,207,ACTIVE,3/10/2026,seed from tblMoldDesign MoldDesignID=441,,
208,ENT002-MDID-442,ENT-002,309,433,208,ACTIVE,3/10/2026,seed from tblMoldDesign MoldDesignID=442,,
209,ESJ002D-MDID-443,ESJ-002D,343,434,209,ACTIVE,3/10/2026,seed from tblMoldDesign MoldDesignID=443,,
210,ESJ003D-MDID-444,ESJ-003D,343,435,210,ACTIVE,3/10/2026,seed from tblMoldDesign MoldDesignID=444,,
211,ETS001-MDID-445,ETS-001,151,436,211,ACTIVE,3/10/2026,seed from tblMoldDesign MoldDesignID=445,,
212,ETS002-MDID-446,ETS-002,151,437,212,ACTIVE,3/10/2026,seed from tblMoldDesign MoldDesignID=446,,
213,ETS003-MDID-447,ETS-003,151,438,213,ACTIVE,3/10/2026,seed from tblMoldDesign MoldDesignID=447,,
214,ETS004-MDID-448,ETS-004,151,439,214,ACTIVE,3/10/2026,seed from tblMoldDesign MoldDesignID=448,,
215,ETS005-MDID-449,ETS-005,151,440,215,ACTIVE,3/10/2026,seed from tblMoldDesign MoldDesignID=449,,
216,ETS006-MDID-450,ETS-006,151,441,216,ACTIVE,3/10/2026,seed from tblMoldDesign MoldDesignID=450,,
217,ETS007-MDID-451,ETS-007,151,442,217,ACTIVE,3/10/2026,seed from tblMoldDesign MoldDesignID=451,,
218,ETS008-MDID-452,ETS-008,151,443,218,ACTIVE,3/10/2026,seed from tblMoldDesign MoldDesignID=452,,
219,ETS009-MDID-453,ETS-009,151,444,219,ACTIVE,3/10/2026,seed from tblMoldDesign MoldDesignID=453,,
220,ETS011-MDID-454,ETS-011,151,445,220,ACTIVE,3/10/2026,seed from tblMoldDesign MoldDesignID=454,,
221,ETS012-MDID-455,ETS-012,151,446,221,ACTIVE,3/10/2026,seed from tblMoldDesign MoldDesignID=455,,
222,ETS013-MDID-456,ETS-013,151,447,222,ACTIVE,3/10/2026,seed from tblMoldDesign MoldDesignID=456,,
223,ETS014-MDID-457,ETS-014,151,448,223,ACTIVE,3/10/2026,seed from tblMoldDesign MoldDesignID=457,,
224,ETS015-MDID-458,ETS-015,151,449,224,ACTIVE,3/10/2026,seed from tblMoldDesign MoldDesignID=458,,
225,ETS016-MDID-459,ETS-016,151,450,225,ACTIVE,3/10/2026,seed from tblMoldDesign MoldDesignID=459,,
226,ETS017-MDID-460,ETS-017,151,451,226,ACTIVE,3/10/2026,seed from tblMoldDesign MoldDesignID=460,,
227,ETS018-MDID-461,ETS-018,151,452,227,ACTIVE,3/10/2026,seed from tblMoldDesign MoldDesignID=461,,
228,ETS019-MDID-462,ETS-019,151,453,228,ACTIVE,3/10/2026,seed from tblMoldDesign MoldDesignID=462,,
229,ETS020-MDID-463,ETS-020,151,454,229,ACTIVE,3/10/2026,seed from tblMoldDesign MoldDesignID=463,,
230,ETS021-MDID-464,ETS-021,151,455,230,ACTIVE,3/10/2026,seed from tblMoldDesign MoldDesignID=464,,
231,ETS022-MDID-465,ETS-022,151,456,231,ACTIVE,3/10/2026,seed from tblMoldDesign MoldDesignID=465,,
232,ETS024-MDID-466,ETS-024,151,457,232,ACTIVE,10/20/2014,seed from tblMoldDesign MoldDesignID=466,,
233,ETS025-MDID-467,ETS-025,151,458,233,ACTIVE,10/20/2014,seed from tblMoldDesign MoldDesignID=467,,
234,ETS026-MDID-468,ETS-026,151,459,234,ACTIVE,1/24/2015,seed from tblMoldDesign MoldDesignID=468,,
235,ETS027-MDID-469,ETS-027,151,460,235,ACTIVE,2/25/2015,seed from tblMoldDesign MoldDesignID=469,,
236,ETS028-MDID-470,ETS-028,151,461,236,ACTIVE,3/15/2015,seed from tblMoldDesign MoldDesignID=470,,
237,ETS029-MDID-471,ETS-029,151,462,237,ACTIVE,3/18/2015,seed from tblMoldDesign MoldDesignID=471,,
238,ETS030-MDID-472,ETS-030,151,463,238,ACTIVE,3/18/2015,seed from tblMoldDesign MoldDesignID=472,,
239,ETS031-MDID-473,ETS-031,151,464,239,ACTIVE,3/17/2015,seed from tblMoldDesign MoldDesignID=473,,
240,ETS032-MDID-474,ETS-032,151,465,240,ACTIVE,3/20/2015,seed from tblMoldDesign MoldDesignID=474,,
241,ETS033-MDID-475,ETS-033,151,466,241,ACTIVE,3/20/2015,seed from tblMoldDesign MoldDesignID=475,,
242,ETS034-MDID-476,ETS-034,151,467,242,ACTIVE,4/1/2015,seed from tblMoldDesign MoldDesignID=476,,
243,ETS035-MDID-477,ETS-035,151,468,243,ACTIVE,5/27/2015,seed from tblMoldDesign MoldDesignID=477,,
244,ETS036-MDID-478,ETS-036,151,469,244,ACTIVE,5/12/2016,seed from tblMoldDesign MoldDesignID=478,,
245,EXD-MDID-479,EXD,152,3897,245,ACTIVE,10/20/2014,seed from tblMoldDesign MoldDesignID=479,,
246,EXD003-MDID-480,EXD-003,152,470,246,ACTIVE,3/10/2026,seed from tblMoldDesign MoldDesignID=480,,
247,EXD006-MDID-481,EXD-006,152,471,247,ACTIVE,3/10/2026,seed from tblMoldDesign MoldDesignID=481,,
248,EXD008-MDID-482,EXD-008,152,472,248,ACTIVE,3/10/2026,seed from tblMoldDesign MoldDesignID=482,,
249,EXD009R-MDID-483,EXD-009R,152,473,249,ACTIVE,3/10/2026,seed from tblMoldDesign MoldDesignID=483,,
250,EXD012-MDID-484,EXD-012,152,474,250,ACTIVE,3/10/2026,seed from tblMoldDesign MoldDesignID=484,,
251,EXD013-MDID-485,EXD-013,152,475,251,ACTIVE,3/10/2026,seed from tblMoldDesign MoldDesignID=485,,
252,EXD014-MDID-486,EXD-014,152,476,252,ACTIVE,10/20/2014,seed from tblMoldDesign MoldDesignID=486,,
253,EXD017-MDID-487,EXD-017,152,477,253,ACTIVE,10/20/2014,seed from tblMoldDesign MoldDesignID=487,,
254,EXD018-MDID-488,EXD-018,152,478,254,ACTIVE,10/20/2014,seed from tblMoldDesign MoldDesignID=488,,
255,EXD020-MDID-490,EXD-020,152,479,255,ACTIVE,10/20/2014,seed from tblMoldDesign MoldDesignID=490,,
256,EXD025-MDID-491,EXD-025,152,480,256,ACTIVE,10/20/2014,seed from tblMoldDesign MoldDesignID=491,,
257,EXD026-MDID-492,EXD-026,152,481,257,ACTIVE,10/20/2014,seed from tblMoldDesign MoldDesignID=492,,
258,EXD027-MDID-493,EXD-027,152,482,258,ACTIVE,10/20/2014,seed from tblMoldDesign MoldDesignID=493,,
259,EXD028-MDID-494,EXD-028,152,483,259,ACTIVE,10/20/2014,seed from tblMoldDesign MoldDesignID=494,,
260,EXD029R-MDID-495,EXD-029R,152,484,260,ACTIVE,10/20/2014,seed from tblMoldDesign MoldDesignID=495,,
261,EXD030-MDID-496,EXD-030,152,485,261,ACTIVE,10/20/2014,seed from tblMoldDesign MoldDesignID=496,,
262,EXD031-MDID-497,EXD-031,152,486,262,ACTIVE,10/20/2014,seed from tblMoldDesign MoldDesignID=497,,
263,EXD032-MDID-498,EXD-032,152,487,263,ACTIVE,10/20/2014,seed from tblMoldDesign MoldDesignID=498,,
264,EXD034-MDID-499,EXD-034,152,488,264,ACTIVE,10/20/2014,seed from tblMoldDesign MoldDesignID=499,,
265,EXD035-MDID-500,EXD-035,152,489,265,ACTIVE,10/20/2014,seed from tblMoldDesign MoldDesignID=500,,
266,EXD036-MDID-501,EXD-036,152,490,266,ACTIVE,10/20/2014,seed from tblMoldDesign MoldDesignID=501,,
267,EXD037-MDID-502,EXD-037,152,491,267,ACTIVE,10/20/2014,seed from tblMoldDesign MoldDesignID=502,,
268,EXD038-MDID-503,EXD-038,152,492,268,ACTIVE,10/20/2014,seed from tblMoldDesign MoldDesignID=503,,
269,EXD040-MDID-504,EXD-040,152,493,269,ACTIVE,3/10/2026,seed from tblMoldDesign MoldDesignID=504,,
270,EXD041-MDID-505,EXD-041,152,494,270,ACTIVE,5/28/2016,seed from tblMoldDesign MoldDesignID=505,,
271,EXD042-MDID-506,EXD-042,152,495,271,ACTIVE,7/28/2016,seed from tblMoldDesign MoldDesignID=506,,
272,FDE003-MDID-507,FDE-003,328,3899,272,ACTIVE,3/10/2026,seed from tblMoldDesign MoldDesignID=507,,
273,FDK003-MDID-508,FDK-003,153,497,273,ACTIVE,5/7/2015,seed from tblMoldDesign MoldDesignID=508,,
274,FDK004-MDID-509,FDK-004,153,3900,274,ACTIVE,11/30/2015,seed from tblMoldDesign MoldDesignID=509,,
275,FDK005-MDID-510,FDK-005,153,498,275,ACTIVE,4/19/2016,seed from tblMoldDesign MoldDesignID=510,,
276,FDK006-MDID-511,FDK-006,153,499,276,ACTIVE,5/13/2016,seed from tblMoldDesign MoldDesignID=511,,
277,FDK007-MDID-512,FDK-007,153,500,277,ACTIVE,6/13/2016,seed from tblMoldDesign MoldDesignID=512,,
278,FDK008-MDID-513,FDK-008,153,501,278,ACTIVE,1/10/2017,seed from tblMoldDesign MoldDesignID=513,,
279,ADY112-MDID-100,ADY-112,111,135,279,ACTIVE,6/27/2017,seed from tblMoldDesign MoldDesignID=100,,
280,ADY113-MDID-101,ADY-113,111,136,280,ACTIVE,3/21/2017,seed from tblMoldDesign MoldDesignID=101,,
281,ADY114-MDID-102,ADY-114,111,137,281,ACTIVE,3/18/2017,seed from tblMoldDesign MoldDesignID=102,,
282,ADY115-MDID-103,ADY-115,111,138,282,ACTIVE,3/16/2017,seed from tblMoldDesign MoldDesignID=103,,
283,ADY117-MDID-104,ADY-117,111,3870,283,ACTIVE,8/10/2017,seed from tblMoldDesign MoldDesignID=104,,
284,ADY118-MDID-105,ADY-118,111,139,284,ACTIVE,9/26/2017,seed from tblMoldDesign MoldDesignID=105,,
285,ADY119-MDID-106,ADY-119,111,140,285,ACTIVE,9/26/2017,seed from tblMoldDesign MoldDesignID=106,,
286,ADY123-MDID-107,ADY-123,111,3871,286,ACTIVE,11/19/2019,seed from tblMoldDesign MoldDesignID=107,,
287,ADY125D-MDID-109,ADY-125D,111,141,287,ACTIVE,3/10/2026,seed from tblMoldDesign MoldDesignID=109,,
288,ADY125-MDID-110,ADY-125,111,141,288,ACTIVE,3/10/2026,seed from tblMoldDesign MoldDesignID=110,,
289,ADY126-MDID-111,ADY-126,111,142,289,ACTIVE,3/10/2026,seed from tblMoldDesign MoldDesignID=111,,
290,ADY127-MDID-112,ADY-127,111,143,290,ACTIVE,3/10/2026,seed from tblMoldDesign MoldDesignID=112,,
291,AFMC001-MDID-113,AFMC-001,112,144,291,ACTIVE,3/10/2026,seed from tblMoldDesign MoldDesignID=113,,
292,AFMC002-MDID-114,AFMC-002,112,145,292,ACTIVE,3/10/2026,seed from tblMoldDesign MoldDesignID=114,,
293,AGR001-MDID-115,AGR-001,113,146,293,ACTIVE,3/10/2026,seed from tblMoldDesign MoldDesignID=115,,
294,AKR001-MDID-116,AKR-001,121,147,294,ACTIVE,9/20/2017,seed from tblMoldDesign MoldDesignID=116,,
295,AKT001-MDID-117,AKT-001,114,148,295,ACTIVE,8/9/2021,seed from tblMoldDesign MoldDesignID=117,,
296,ALBASE10x557x704-MDID-118,AL BASE 10x557x704,244,149,296,ACTIVE,3/10/2026,seed from tblMoldDesign MoldDesignID=118,,
297,ALCUTTER234x184YMS3P-MDID-119,ALCUTTER 234x184 YMS 3P,244,150,297,ACTIVE,3/10/2026,seed from tblMoldDesign MoldDesignID=119,,
298,ALCUTTER248.4x198.4YMS4P-MDID-120,ALCUTTER 248.4x198.4 YMS 4P,244,150,298,ACTIVE,3/10/2026,seed from tblMoldDesign MoldDesignID=120,,
299,ALCUTTER270x270JAE-MDID-121,ALCUTTER 270x270 JAE,244,151,299,ACTIVE,3/10/2026,seed from tblMoldDesign MoldDesignID=121,,
300,ALCUTTER310x210JAE-MDID-122,ALCUTTER 310x210 JAE,244,152,300,ACTIVE,3/10/2026,seed from tblMoldDesign MoldDesignID=122,,
301,ALCUTTER508x335FHJ-MDID-123,ALCUTTER 508x335 FHJ,244,153,301,ACTIVE,3/10/2026,seed from tblMoldDesign MoldDesignID=123,,
302,ALCUTTER510x340ADY-MDID-124,ALCUTTER 510x340 ADY,244,154,302,ACTIVE,3/10/2026,seed from tblMoldDesign MoldDesignID=124,,
303,ALCUTTERADY2P-MDID-125,ALCUTTER ADY 2P,244,155,303,ACTIVE,3/10/2026,seed from tblMoldDesign MoldDesignID=125,,
304,ALCUTTERPLATEADY2P-MDID-126,ALCUTTER PLATE - ADY 2P,244,157,304,ACTIVE,3/10/2026,seed from tblMoldDesign MoldDesignID=126,,
305,ALCUTTERPLATEYMS4P-MDID-127,ALCUTTER PLATE - YMS 4P,244,159,305,ACTIVE,3/10/2026,seed from tblMoldDesign MoldDesignID=127,,
306,ALCUTTERPlateJAE270x270-MDID-128,ALCUTTER Plate JAE 270x270,244,158,306,ACTIVE,3/10/2026,seed from tblMoldDesign MoldDesignID=128,,
307,ALF001-MDID-129,ALF-001,115,160,307,ACTIVE,3/10/2026,seed from tblMoldDesign MoldDesignID=129,,
308,ALF002-MDID-130,ALF-002,115,161,308,ACTIVE,3/10/2026,seed from tblMoldDesign MoldDesignID=130,,
309,ALP001-MDID-131,ALP-001,116,3872,309,ACTIVE,10/20/2014,seed from tblMoldDesign MoldDesignID=131,,
310,ALP001A-MDID-132,ALP-001A,116,3872,310,ACTIVE,10/20/2014,seed from tblMoldDesign MoldDesignID=132,,
311,ALP001B-MDID-133,ALP-001B,116,3872,311,ACTIVE,10/20/2014,seed from tblMoldDesign MoldDesignID=133,,
312,ALP002-MDID-134,ALP-002,116,164,312,ACTIVE,6/21/2017,seed from tblMoldDesign MoldDesignID=134,,
313,AMP-MDID-135,AMP,117,3873,313,ACTIVE,3/10/2026,seed from tblMoldDesign MoldDesignID=135,,
314,AMP010-MDID-136,AMP-010,117,165,314,ACTIVE,3/10/2026,seed from tblMoldDesign MoldDesignID=136,,
315,AMP0103-MDID-137,AMP-010-3,117,166,315,ACTIVE,3/10/2026,seed from tblMoldDesign MoldDesignID=137,,
316,AMP011-MDID-138,AMP-011,117,167,316,ACTIVE,3/10/2026,seed from tblMoldDesign MoldDesignID=138,,
317,AMP012-MDID-139,AMP-012,117,168,317,ACTIVE,3/10/2026,seed from tblMoldDesign MoldDesignID=139,,
318,AMP013-MDID-140,AMP-013,117,169,318,ACTIVE,3/10/2026,seed from tblMoldDesign MoldDesignID=140,,
319,AMP01306-MDID-141,AMP-0-130-6,117,170,319,ACTIVE,3/10/2026,seed from tblMoldDesign MoldDesignID=141,,
320,AMP014-MDID-142,AMP-014,117,171,320,ACTIVE,3/10/2026,seed from tblMoldDesign MoldDesignID=142,,
321,AMP015-MDID-143,AMP-015,117,172,321,ACTIVE,3/10/2026,seed from tblMoldDesign MoldDesignID=143,,
322,AMP016-MDID-144,AMP-016,117,173,322,ACTIVE,3/10/2026,seed from tblMoldDesign MoldDesignID=144,,
323,AMP017-MDID-145,AMP-017,117,174,323,ACTIVE,3/10/2026,seed from tblMoldDesign MoldDesignID=145,,
324,AMP018-MDID-146,AMP-018,117,175,324,ACTIVE,3/10/2026,seed from tblMoldDesign MoldDesignID=146,,
325,AMP019-MDID-147,AMP-019,117,176,325,ACTIVE,3/10/2026,seed from tblMoldDesign MoldDesignID=147,,
326,AMP021-MDID-148,AMP-021,117,177,326,ACTIVE,3/10/2026,seed from tblMoldDesign MoldDesignID=148,,
327,AMP022-MDID-149,AMP-022,117,178,327,ACTIVE,3/10/2026,seed from tblMoldDesign MoldDesignID=149,,
328,AMP023-MDID-150,AMP-023,117,179,328,ACTIVE,3/10/2026,seed from tblMoldDesign MoldDesignID=150,,
329,AMP024-MDID-151,AMP-024,117,180,329,ACTIVE,3/10/2026,seed from tblMoldDesign MoldDesignID=151,,
330,AMP025-MDID-152,AMP-025,117,181,330,ACTIVE,3/10/2026,seed from tblMoldDesign MoldDesignID=152,,
331,AMP026-MDID-153,AMP-026,117,182,331,ACTIVE,3/10/2026,seed from tblMoldDesign MoldDesignID=153,,
332,AMP027-MDID-154,AMP-027,117,183,332,ACTIVE,3/10/2026,seed from tblMoldDesign MoldDesignID=154,,
333,AMP9面-MDID-155,AMP-9面,117,3873,333,ACTIVE,3/10/2026,seed from tblMoldDesign MoldDesignID=155,,
334,AMPPP台湾機-MDID-156,AMP-PP 台湾機,117,3873,334,ACTIVE,3/10/2026,seed from tblMoldDesign MoldDesignID=156,,
335,AMP大PP台湾機-MDID-157,AMP-大　PP　台湾機,117,3873,335,ACTIVE,3/10/2026,seed from tblMoldDesign MoldDesignID=157,,
336,AON001-MDID-158,AON-001,118,184,336,ACTIVE,1/8/2019,seed from tblMoldDesign MoldDesignID=158,,
337,AON003-MDID-159,AON-003,118,185,337,ACTIVE,4/12/2021,seed from tblMoldDesign MoldDesignID=159,,
338,AP001-MDID-160,AP-001,246,186,338,ACTIVE,3/10/2026,seed from tblMoldDesign MoldDesignID=160,,
339,AP024-MDID-161,AP-024,246,187,339,ACTIVE,3/10/2026,seed from tblMoldDesign MoldDesignID=161,,
340,AP10-MDID-162,AP-10,246,188,340,ACTIVE,3/10/2026,seed from tblMoldDesign MoldDesignID=162,,
341,AP101-MDID-163,AP-101,246,189,341,ACTIVE,3/10/2026,seed from tblMoldDesign MoldDesignID=163,,
342,AP102-MDID-164,AP-102,246,190,342,ACTIVE,3/10/2026,seed from tblMoldDesign MoldDesignID=164,,
343,AP103-MDID-165,AP-103,246,191,343,ACTIVE,3/10/2026,seed from tblMoldDesign MoldDesignID=165,,
344,AP104-MDID-166,AP-104,246,192,344,ACTIVE,3/10/2026,seed from tblMoldDesign MoldDesignID=166,,
345,AP30-MDID-167,AP-30,246,193,345,ACTIVE,3/10/2026,seed from tblMoldDesign MoldDesignID=167,,
346,APE001-MDID-168,APE-001,269,194,346,ACTIVE,3/10/2026,seed from tblMoldDesign MoldDesignID=168,,
347,APE002-MDID-169,APE-002,269,195,347,ACTIVE,3/10/2026,seed from tblMoldDesign MoldDesignID=169,,
348,APF002-MDID-170,APF-002,119,3877,348,ACTIVE,10/10/2018,seed from tblMoldDesign MoldDesignID=170,,
349,APF003-MDID-171,APF-003,119,196,349,ACTIVE,10/15/2019,seed from tblMoldDesign MoldDesignID=171,,
350,APF004-MDID-172,APF-004,119,197,350,ACTIVE,10/15/2019,seed from tblMoldDesign MoldDesignID=172,,
351,APF006-MDID-173,APF-006,119,198,351,ACTIVE,2/9/2023,seed from tblMoldDesign MoldDesignID=173,,
352,ARD001-MDID-175,ARD-001,120,200,352,ACTIVE,3/10/2026,seed from tblMoldDesign MoldDesignID=175,,
353,ARK001-MDID-176,ARK-001,121,201,353,ACTIVE,3/10/2026,seed from tblMoldDesign MoldDesignID=176,,
354,ARK002-MDID-177,ARK-002,121,202,354,ACTIVE,3/10/2026,seed from tblMoldDesign MoldDesignID=177,,
355,ASC001-MDID-178,ASC-001,122,203,355,ACTIVE,8/9/2021,seed from tblMoldDesign MoldDesignID=178,,
356,ASC002-MDID-179,ASC-002,122,204,356,ACTIVE,3/10/2026,seed from tblMoldDesign MoldDesignID=179,,
357,ASC002D-MDID-180,ASC-002D,122,204,357,ACTIVE,3/10/2026,seed from tblMoldDesign MoldDesignID=180,,
358,ASH001-MDID-181,ASH-001,123,205,358,ACTIVE,2/9/2017,seed from tblMoldDesign MoldDesignID=181,,
359,ASH002-MDID-182,ASH-002,123,206,359,ACTIVE,5/7/2021,seed from tblMoldDesign MoldDesignID=182,,
360,ASH003-MDID-183,ASH-003,123,207,360,ACTIVE,5/7/2021,seed from tblMoldDesign MoldDesignID=183,,
361,ASH004-MDID-184,ASH-004,123,208,361,ACTIVE,3/10/2026,seed from tblMoldDesign MoldDesignID=184,,
362,ASH005-MDID-185,ASH-005,123,209,362,ACTIVE,3/10/2026,seed from tblMoldDesign MoldDesignID=185,,
363,ASH006-MDID-186,ASH-006,123,210,363,ACTIVE,3/10/2026,seed from tblMoldDesign MoldDesignID=186,,
364,ASH007-MDID-187,ASH-007,123,211,364,ACTIVE,3/10/2026,seed from tblMoldDesign MoldDesignID=187,,
365,ASS001-MDID-188,ASS-001,124,212,365,ACTIVE,5/1/2017,seed from tblMoldDesign MoldDesignID=188,,
366,AST001-MDID-189,AST-001,323,213,366,ACTIVE,6/21/2021,seed from tblMoldDesign MoldDesignID=189,,
367,ATK053-MDID-190,ATK-053,337,3878,367,ACTIVE,3/10/2026,seed from tblMoldDesign MoldDesignID=190,,
368,ATS002-MDID-191,ATS-002,125,3879,368,ACTIVE,3/10/2026,seed from tblMoldDesign MoldDesignID=191,,
369,ATS003R2-MDID-192,ATS-003R2,125,214,369,ACTIVE,3/10/2026,seed from tblMoldDesign MoldDesignID=192,,
370,ATS004-MDID-193,ATS-004,125,215,370,ACTIVE,3/10/2026,seed from tblMoldDesign MoldDesignID=193,,
371,ATS005-MDID-194,ATS-005,125,216,371,ACTIVE,3/10/2026,seed from tblMoldDesign MoldDesignID=194,,
372,ATS006-MDID-195,ATS-006,125,217,372,ACTIVE,3/10/2026,seed from tblMoldDesign MoldDesignID=195,,
373,ATS010-MDID-196,ATS-010,125,218,373,ACTIVE,3/10/2026,seed from tblMoldDesign MoldDesignID=196,,
374,ATS011-MDID-197,ATS-011,125,219,374,ACTIVE,3/10/2026,seed from tblMoldDesign MoldDesignID=197,,
375,ATS013-MDID-198,ATS-013,125,220,375,ACTIVE,3/10/2026,seed from tblMoldDesign MoldDesignID=198,,
376,ATS015-MDID-199,ATS-015,125,221,376,ACTIVE,3/10/2026,seed from tblMoldDesign MoldDesignID=199,,
377,ATS016-MDID-200,ATS-016,125,222,377,ACTIVE,3/10/2026,seed from tblMoldDesign MoldDesignID=200,,
378,ATS017-MDID-201,ATS-017,125,223,378,ACTIVE,3/10/2026,seed from tblMoldDesign MoldDesignID=201,,
379,ATS018-MDID-202,ATS-018,125,224,379,ACTIVE,3/10/2026,seed from tblMoldDesign MoldDesignID=202,,
380,ATS019-MDID-203,ATS-019,125,225,380,ACTIVE,3/10/2026,seed from tblMoldDesign MoldDesignID=203,,
381,ATS020-MDID-204,ATS-020,125,226,381,ACTIVE,3/10/2026,seed from tblMoldDesign MoldDesignID=204,,
382,ATS021-MDID-205,ATS-021,125,227,382,ACTIVE,3/10/2026,seed from tblMoldDesign MoldDesignID=205,,
383,ATS023D-MDID-206,ATS-023D,125,228,383,ACTIVE,3/10/2026,seed from tblMoldDesign MoldDesignID=206,,
384,ATS024-MDID-207,ATS-024,125,229,384,ACTIVE,3/10/2026,seed from tblMoldDesign MoldDesignID=207,,
385,ATS025-MDID-208,ATS-025,125,230,385,ACTIVE,3/10/2026,seed from tblMoldDesign MoldDesignID=208,,
386,ATS026-MDID-209,ATS-026,125,231,386,ACTIVE,3/10/2026,seed from tblMoldDesign MoldDesignID=209,,
387,ATS026ASANOPLATE-MDID-210,ATS-026 ASANO PLATE,125,231,387,ACTIVE,3/10/2026,seed from tblMoldDesign MoldDesignID=210,,
388,ATS026ASANOROD-MDID-211,ATS-026 ASANO ROD,125,231,388,ACTIVE,3/10/2026,seed from tblMoldDesign MoldDesignID=211,,
389,ATS027-MDID-212,ATS-027,125,234,389,ACTIVE,3/10/2026,seed from tblMoldDesign MoldDesignID=212,,
390,ATS028D-MDID-213,ATS-028D,125,235,390,ACTIVE,3/10/2026,seed from tblMoldDesign MoldDesignID=213,,
391,ATS028DR1-MDID-214,ATS-028D R1,125,235,391,ACTIVE,3/10/2026,seed from tblMoldDesign MoldDesignID=214,,
392,ATS028R1-MDID-215,ATS-028R1,125,235,392,ACTIVE,3/10/2026,seed from tblMoldDesign MoldDesignID=215,,
393,ATS029D-MDID-216,ATS-029D,125,237,393,ACTIVE,3/10/2026,seed from tblMoldDesign MoldDesignID=216,,
394,ATS029DR2-MDID-217,ATS-029D R2,125,237,394,ACTIVE,3/10/2026,seed from tblMoldDesign MoldDesignID=217,,
395,ATS029R2-MDID-218,ATS-029R2,125,237,395,ACTIVE,3/10/2026,seed from tblMoldDesign MoldDesignID=218,,
396,ATS030-MDID-219,ATS-030,125,239,396,ACTIVE,3/10/2026,seed from tblMoldDesign MoldDesignID=219,,
397,ATS030R1-MDID-220,ATS-030 R1,125,239,397,ACTIVE,3/10/2026,seed from tblMoldDesign MoldDesignID=220,,
398,ATS031-MDID-222,ATS-031,125,241,398,ACTIVE,3/10/2026,seed from tblMoldDesign MoldDesignID=222,,
399,ATS032PLATE-MDID-223,ATS-032　PLATE,125,242,399,ACTIVE,3/10/2026,seed from tblMoldDesign MoldDesignID=223,,
400,ATS032-MDID-224,ATS-032,125,242,400,ACTIVE,3/10/2026,seed from tblMoldDesign MoldDesignID=224,,
401,AXN001-MDID-225,AXN-001,325,3880,401,ACTIVE,3/10/2026,seed from tblMoldDesign MoldDesignID=225,,
402,AZK001-MDID-226,AZK-001,292,244,402,ACTIVE,6/11/2016,seed from tblMoldDesign MoldDesignID=226,,
403,AZUMAIND4PL-MDID-227,AZUMA-IND-4PL,126,245,403,ACTIVE,3/10/2026,seed from tblMoldDesign MoldDesignID=227,,
404,BMI001-MDID-228,BMI-001,295,3881,404,ACTIVE,3/10/2026,seed from tblMoldDesign MoldDesignID=228,,
405,BMI002-MDID-229,BMI-002,295,246,405,ACTIVE,3/10/2026,seed from tblMoldDesign MoldDesignID=229,,
406,BNS001-MDID-230,BNS-001,127,247,406,ACTIVE,3/10/2026,seed from tblMoldDesign MoldDesignID=230,,
407,C別抜き-MDID-231,C 別抜き,244,2952,407,ACTIVE,3/10/2026,seed from tblMoldDesign MoldDesignID=231,,
408,CBS001-MDID-232,CBS-001,129,250,408,ACTIVE,3/10/2026,seed from tblMoldDesign MoldDesignID=232,,
409,CEJ001-MDID-233,CEJ-001,130,251,409,ACTIVE,3/10/2026,seed from tblMoldDesign MoldDesignID=233,,
410,CGI002-MDID-234,CGI-002,132,252,410,ACTIVE,3/10/2026,seed from tblMoldDesign MoldDesignID=234,,
411,CGI003-MDID-235,CGI-003,132,253,411,ACTIVE,3/10/2026,seed from tblMoldDesign MoldDesignID=235,,
412,CGR002PP-MDID-236,CGR-002PP,133,254,412,ACTIVE,3/10/2026,seed from tblMoldDesign MoldDesignID=236,,
413,CIPS-MDID-237,CIPS,134,3882,413,ACTIVE,3/10/2026,seed from tblMoldDesign MoldDesignID=237,,
414,CIPS001-MDID-238,CIPS-001,134,255,414,ACTIVE,3/10/2026,seed from tblMoldDesign MoldDesignID=238,,
415,CIPS002-MDID-239,CIPS-002,134,256,415,ACTIVE,3/10/2026,seed from tblMoldDesign MoldDesignID=239,,
416,CIPS003-MDID-240,CIPS-003,134,257,416,ACTIVE,3/10/2026,seed from tblMoldDesign MoldDesignID=240,,
417,CIPS005-MDID-241,CIPS-005,134,258,417,ACTIVE,3/10/2026,seed from tblMoldDesign MoldDesignID=241,,
418,CK004-MDID-242,CK-004,135,259,418,ACTIVE,3/10/2026,seed from tblMoldDesign MoldDesignID=242,,
419,CK005-MDID-243,CK-005,135,260,419,ACTIVE,3/10/2026,seed from tblMoldDesign MoldDesignID=243,,
420,CK006-MDID-244,CK-006,135,261,420,ACTIVE,3/3/2017,seed from tblMoldDesign MoldDesignID=244,,
421,CK008-MDID-245,CK-008,135,262,421,ACTIVE,11/13/2017,seed from tblMoldDesign MoldDesignID=245,,
422,CK009-MDID-246,CK-009,135,263,422,ACTIVE,3/19/2018,seed from tblMoldDesign MoldDesignID=246,,
423,CL001-MDID-247,CL-001,263,264,423,ACTIVE,3/10/2026,seed from tblMoldDesign MoldDesignID=247,,
424,CMX1100V-MDID-248,CMX1100V,244,2952,424,ACTIVE,3/10/2026,seed from tblMoldDesign MoldDesignID=248,,
425,CMX800V-MDID-249,CMX800V,244,2952,425,ACTIVE,3/10/2026,seed from tblMoldDesign MoldDesignID=249,,
426,COT001-MDID-250,COT-001,136,267,426,ACTIVE,3/10/2026,seed from tblMoldDesign MoldDesignID=250,,
427,COT002-MDID-251,COT-002,136,268,427,ACTIVE,3/10/2026,seed from tblMoldDesign MoldDesignID=251,,
428,COT003B-MDID-252,COT-003B,136,269,428,ACTIVE,3/10/2026,seed from tblMoldDesign MoldDesignID=252,,
429,COT003T-MDID-253,COT-003T,136,269,429,ACTIVE,3/10/2026,seed from tblMoldDesign MoldDesignID=253,,
430,COT004-MDID-254,COT-004,136,271,430,ACTIVE,3/10/2026,seed from tblMoldDesign MoldDesignID=254,,
431,CPL-MDID-255,CPL,137,4377,431,ACTIVE,3/10/2026,seed from tblMoldDesign MoldDesignID=255,,
432,CPLPET-MDID-256,CPL-PET,137,272,432,ACTIVE,3/10/2026,seed from tblMoldDesign MoldDesignID=256,,
433,CPLサンプル用トレイ-MDID-257,CPL-サンプル用トレイ,137,3883,433,ACTIVE,3/10/2026,seed from tblMoldDesign MoldDesignID=257,,
434,CSFHI1601-MDID-258,CSFHI-1601,131,273,434,ACTIVE,3/10/2026,seed from tblMoldDesign MoldDesignID=258,,
435,CSM001-MDID-259,CSM-001,265,274,435,ACTIVE,3/9/2015,seed from tblMoldDesign MoldDesignID=259,,
436,CST001-MDID-260,CST-001,138,275,436,ACTIVE,3/10/2026,seed from tblMoldDesign MoldDesignID=260,,
437,CST002-MDID-261,CST-002,138,276,437,ACTIVE,3/10/2026,seed from tblMoldDesign MoldDesignID=261,,
438,CST003-MDID-262,CST-003,138,277,438,ACTIVE,3/10/2026,seed from tblMoldDesign MoldDesignID=262,,
439,CST004-MDID-263,CST-004,138,278,439,ACTIVE,3/10/2026,seed from tblMoldDesign MoldDesignID=263,,
440,CST005-MDID-264,CST-005,138,279,440,ACTIVE,3/10/2026,seed from tblMoldDesign MoldDesignID=264,,
441,CST007-MDID-265,CST-007,138,280,441,ACTIVE,3/10/2026,seed from tblMoldDesign MoldDesignID=265,,
442,CST009-MDID-266,CST-009,138,281,442,ACTIVE,10/20/2014,seed from tblMoldDesign MoldDesignID=266,,
443,CYD001-MDID-267,CYD-001,322,282,443,ACTIVE,2/27/2019,seed from tblMoldDesign MoldDesignID=267,,
444,DDB001-MDID-268,DDB-001,139,283,444,ACTIVE,9/19/2020,seed from tblMoldDesign MoldDesignID=268,,
445,DDB002-MDID-269,DDB-002,139,284,445,ACTIVE,9/19/2020,seed from tblMoldDesign MoldDesignID=269,,
446,DDB003-MDID-270,DDB-003,139,285,446,ACTIVE,9/28/2020,seed from tblMoldDesign MoldDesignID=270,,
447,DDB004-MDID-271,DDB-004,139,286,447,ACTIVE,9/28/2020,seed from tblMoldDesign MoldDesignID=271,,
448,DHA001-MDID-272,DHA-001,140,287,448,ACTIVE,3/10/2026,seed from tblMoldDesign MoldDesignID=272,,
449,DHA002-MDID-273,DHA-002,140,288,449,ACTIVE,3/10/2026,seed from tblMoldDesign MoldDesignID=273,,
450,DHA003-MDID-275,DHA-003,140,289,450,ACTIVE,3/10/2026,seed from tblMoldDesign MoldDesignID=275,,
451,DIC-MDID-276,DIC,141,3884,451,ACTIVE,10/20/2014,seed from tblMoldDesign MoldDesignID=276,,
452,DIC001-MDID-277,DIC-001,141,290,452,ACTIVE,3/10/2026,seed from tblMoldDesign MoldDesignID=277,,
453,DIC003B-MDID-278,DIC-003B,141,291,453,ACTIVE,3/10/2026,seed from tblMoldDesign MoldDesignID=278,,
454,DIC003T-MDID-279,DIC-003T,141,291,454,ACTIVE,3/10/2026,seed from tblMoldDesign MoldDesignID=279,,
455,DIC005-MDID-280,DIC-005,141,293,455,ACTIVE,3/10/2026,seed from tblMoldDesign MoldDesignID=280,,
456,DIC007-MDID-281,DIC-007,141,294,456,ACTIVE,3/10/2026,seed from tblMoldDesign MoldDesignID=281,,
457,DIC008-MDID-282,DIC-008,141,295,457,ACTIVE,3/10/2026,seed from tblMoldDesign MoldDesignID=282,,
458,DIC009-MDID-283,DIC-009,141,296,458,ACTIVE,3/10/2026,seed from tblMoldDesign MoldDesignID=283,,
459,DIC009T-MDID-284,DIC-009T,141,296,459,ACTIVE,3/10/2026,seed from tblMoldDesign MoldDesignID=284,,
460,DIC010-MDID-285,DIC-010,141,298,460,ACTIVE,3/10/2026,seed from tblMoldDesign MoldDesignID=285,,
461,DIC011-MDID-286,DIC-011,141,299,461,ACTIVE,3/10/2026,seed from tblMoldDesign MoldDesignID=286,,
462,DIC012-MDID-287,DIC-012,141,300,462,ACTIVE,3/10/2026,seed from tblMoldDesign MoldDesignID=287,,
463,DIC015-MDID-288,DIC-015,141,301,463,ACTIVE,3/10/2026,seed from tblMoldDesign MoldDesignID=288,,
464,DIC016-MDID-289,DIC-016,141,302,464,ACTIVE,10/20/2014,seed from tblMoldDesign MoldDesignID=289,,
465,DIC019-MDID-290,DIC-019,141,303,465,ACTIVE,3/30/2015,seed from tblMoldDesign MoldDesignID=290,,
466,DIC022PLUG-MDID-291,DIC-022PLUG,141,304,466,ACTIVE,3/10/2026,seed from tblMoldDesign MoldDesignID=291,,
467,DIC023-MDID-292,DIC-023,141,3885,467,ACTIVE,7/3/2015,seed from tblMoldDesign MoldDesignID=292,,
468,DIC024-MDID-293,DIC-024,141,3886,468,ACTIVE,7/4/2015,seed from tblMoldDesign MoldDesignID=293,,
469,DIC028-MDID-294,DIC-028,141,305,469,ACTIVE,1/8/2016,seed from tblMoldDesign MoldDesignID=294,,
470,DIC030-MDID-295,DIC-030,141,306,470,ACTIVE,4/22/2016,seed from tblMoldDesign MoldDesignID=295,,
471,DIC031-MDID-296,DIC-031,141,307,471,ACTIVE,4/21/2016,seed from tblMoldDesign MoldDesignID=296,,
472,DIC033-MDID-297,DIC-033,141,3887,472,ACTIVE,3/10/2026,seed from tblMoldDesign MoldDesignID=297,,
473,DIC036-MDID-298,DIC-036,141,308,473,ACTIVE,8/1/2016,seed from tblMoldDesign MoldDesignID=298,,
474,DIC037No1-MDID-299,DIC-037 No1,141,309,474,ACTIVE,7/19/2016,seed from tblMoldDesign MoldDesignID=299,,
475,DIC040-MDID-300,DIC-040,141,310,475,ACTIVE,11/11/2016,seed from tblMoldDesign MoldDesignID=300,,
476,DIC041-MDID-301,DIC-041,141,311,476,ACTIVE,11/1/2016,seed from tblMoldDesign MoldDesignID=301,,
477,DIC042-MDID-302,DIC-042,141,3888,477,ACTIVE,10/31/2016,seed from tblMoldDesign MoldDesignID=302,,
478,DIC043-MDID-303,DIC-043,141,312,478,ACTIVE,11/4/2016,seed from tblMoldDesign MoldDesignID=303,,
479,DIC044-MDID-304,DIC-044,141,313,479,ACTIVE,11/7/2016,seed from tblMoldDesign MoldDesignID=304,,
480,DIC045-MDID-305,DIC-045,141,314,480,ACTIVE,11/7/2016,seed from tblMoldDesign MoldDesignID=305,,
481,DIC046-MDID-306,DIC-046,141,315,481,ACTIVE,11/29/2016,seed from tblMoldDesign MoldDesignID=306,,
482,DIC047-MDID-307,DIC-047,141,316,482,ACTIVE,11/17/2016,seed from tblMoldDesign MoldDesignID=307,,
483,DIC048-MDID-308,DIC-048,141,317,483,ACTIVE,11/18/2016,seed from tblMoldDesign MoldDesignID=308,,
484,DIC049-MDID-309,DIC-049,141,3889,484,ACTIVE,11/28/2016,seed from tblMoldDesign MoldDesignID=309,,
485,DIC050-MDID-310,DIC-050,141,318,485,ACTIVE,2/25/2017,seed from tblMoldDesign MoldDesignID=310,,
486,DIC051-MDID-311,DIC-051,141,319,486,ACTIVE,2/27/2017,seed from tblMoldDesign MoldDesignID=311,,
487,DIC052-MDID-312,DIC-052,141,320,487,ACTIVE,2/27/2017,seed from tblMoldDesign MoldDesignID=312,,
488,DIC053-MDID-313,DIC-053,141,321,488,ACTIVE,4/8/2017,seed from tblMoldDesign MoldDesignID=313,,
489,DIC054-MDID-314,DIC-054,141,322,489,ACTIVE,4/7/2017,seed from tblMoldDesign MoldDesignID=314,,
490,DIC055-MDID-315,DIC-055,141,323,490,ACTIVE,4/4/2017,seed from tblMoldDesign MoldDesignID=315,,
491,DIC056-MDID-316,DIC-056,141,324,491,ACTIVE,4/7/2017,seed from tblMoldDesign MoldDesignID=316,,
492,DIC057-MDID-317,DIC-057,141,325,492,ACTIVE,4/11/2017,seed from tblMoldDesign MoldDesignID=317,,
493,DIC058-MDID-318,DIC-058,141,326,493,ACTIVE,4/5/2017,seed from tblMoldDesign MoldDesignID=318,,
494,DIC059-MDID-319,DIC-059,141,327,494,ACTIVE,4/11/2017,seed from tblMoldDesign MoldDesignID=319,,
495,DIC060-MDID-320,DIC-060,141,328,495,ACTIVE,4/4/2017,seed from tblMoldDesign MoldDesignID=320,,
496,DIC061-MDID-321,DIC-061,141,329,496,ACTIVE,4/6/2017,seed from tblMoldDesign MoldDesignID=321,,
497,DIC062-MDID-322,DIC-062,141,330,497,ACTIVE,4/6/2017,seed from tblMoldDesign MoldDesignID=322,,
498,DIC063-MDID-323,DIC-063,141,331,498,ACTIVE,2/25/2017,seed from tblMoldDesign MoldDesignID=323,,
499,DIC064-MDID-324,DIC-064,141,332,499,ACTIVE,5/9/2017,seed from tblMoldDesign MoldDesignID=324,,
500,DIC066-MDID-325,DIC-066,141,333,500,ACTIVE,7/28/2017,seed from tblMoldDesign MoldDesignID=325,,
501,DIC067-MDID-326,DIC-067,141,334,501,ACTIVE,7/28/2017,seed from tblMoldDesign MoldDesignID=326,,
502,DIC068-MDID-327,DIC-068,141,335,502,ACTIVE,7/28/2017,seed from tblMoldDesign MoldDesignID=327,,
503,DIC074R-MDID-328,DIC-074R,141,336,503,ACTIVE,3/16/2018,seed from tblMoldDesign MoldDesignID=328,,
504,DIC075R-MDID-329,DIC-075R,141,337,504,ACTIVE,3/16/2018,seed from tblMoldDesign MoldDesignID=329,,
505,DIC076-MDID-330,DIC-076,141,338,505,ACTIVE,12/27/2017,seed from tblMoldDesign MoldDesignID=330,,
506,DIC077-MDID-331,DIC-077,141,339,506,ACTIVE,12/27/2017,seed from tblMoldDesign MoldDesignID=331,,
507,DIC078-MDID-332,DIC-078,141,340,507,ACTIVE,12/27/2017,seed from tblMoldDesign MoldDesignID=332,,
508,DIC083-MDID-333,DIC-083,141,341,508,ACTIVE,4/2/2018,seed from tblMoldDesign MoldDesignID=333,,
509,DIC084-MDID-334,DIC-084,141,342,509,ACTIVE,4/16/2018,seed from tblMoldDesign MoldDesignID=334,,
510,DIC085-MDID-335,DIC-085,141,343,510,ACTIVE,4/17/2018,seed from tblMoldDesign MoldDesignID=335,,
511,DIC086-MDID-336,DIC-086,141,344,511,ACTIVE,4/20/2018,seed from tblMoldDesign MoldDesignID=336,,
512,DIC087-MDID-337,DIC-087,141,345,512,ACTIVE,4/20/2018,seed from tblMoldDesign MoldDesignID=337,,
513,DIC088-MDID-338,DIC-088,141,346,513,ACTIVE,5/10/2018,seed from tblMoldDesign MoldDesignID=338,,
514,DIC090-MDID-339,DIC-090,141,347,514,ACTIVE,7/9/2018,seed from tblMoldDesign MoldDesignID=339,,
515,DIC091?-MDID-340,DIC-091?,141,348,515,ACTIVE,7/18/2018,seed from tblMoldDesign MoldDesignID=340,,
516,DIC092-MDID-341,DIC-092,141,349,516,ACTIVE,7/19/2018,seed from tblMoldDesign MoldDesignID=341,,
517,DIC093-MDID-342,DIC-093,141,350,517,ACTIVE,7/13/2018,seed from tblMoldDesign MoldDesignID=342,,
518,DIC094-MDID-343,DIC-094,141,351,518,ACTIVE,7/9/2018,seed from tblMoldDesign MoldDesignID=343,,
519,DIC095-MDID-344,DIC-095,141,352,519,ACTIVE,10/22/2018,seed from tblMoldDesign MoldDesignID=344,,
520,DIC096-MDID-345,DIC-096,141,353,520,ACTIVE,9/13/2018,seed from tblMoldDesign MoldDesignID=345,,
521,DIC097-MDID-346,DIC-097,141,354,521,ACTIVE,12/25/2018,seed from tblMoldDesign MoldDesignID=346,,
522,DIC097R3-MDID-347,DIC-097R3,141,354,522,ACTIVE,1/21/2019,seed from tblMoldDesign MoldDesignID=347,,
523,DIC098-MDID-348,DIC-098,141,356,523,ACTIVE,9/14/2018,seed from tblMoldDesign MoldDesignID=348,,
524,DIC099-MDID-349,DIC-099,141,357,524,ACTIVE,1/10/2019,seed from tblMoldDesign MoldDesignID=349,,
525,DIC100-MDID-350,DIC-100,141,358,525,ACTIVE,9/13/2018,seed from tblMoldDesign MoldDesignID=350,,
526,DIC101-MDID-351,DIC-101,141,359,526,ACTIVE,2/4/2019,seed from tblMoldDesign MoldDesignID=351,,
527,DIC102-MDID-352,DIC-102,141,360,527,ACTIVE,2/7/2019,seed from tblMoldDesign MoldDesignID=352,,
528,DIC105-MDID-353,DIC-105,141,361,528,ACTIVE,9/27/2018,seed from tblMoldDesign MoldDesignID=353,,
529,DIC106-MDID-354,DIC-106,141,362,529,ACTIVE,9/3/2018,seed from tblMoldDesign MoldDesignID=354,,
530,DIC107-MDID-355,DIC-107,141,363,530,ACTIVE,9/19/2018,seed from tblMoldDesign MoldDesignID=355,,
531,DIC108-MDID-356,DIC-108,141,364,531,ACTIVE,9/25/2018,seed from tblMoldDesign MoldDesignID=356,,
532,DIC110-MDID-357,DIC-110,141,365,532,ACTIVE,1/31/2019,seed from tblMoldDesign MoldDesignID=357,,
533,DIC111-MDID-358,DIC-111,141,366,533,ACTIVE,12/12/2018,seed from tblMoldDesign MoldDesignID=358,,
534,DIC112-MDID-359,DIC-112,141,367,534,ACTIVE,12/6/2018,seed from tblMoldDesign MoldDesignID=359,,
535,DIC113-MDID-360,DIC-113,141,368,535,ACTIVE,3/20/2019,seed from tblMoldDesign MoldDesignID=360,,
536,DIC114-MDID-361,DIC-114,141,369,536,ACTIVE,3/22/2019,seed from tblMoldDesign MoldDesignID=361,,
537,DIC115-MDID-362,DIC-115,141,370,537,ACTIVE,2/5/2019,seed from tblMoldDesign MoldDesignID=362,,
538,DIC116-MDID-363,DIC-116,141,371,538,ACTIVE,2/21/2019,seed from tblMoldDesign MoldDesignID=363,,
539,DIC117-MDID-364,DIC-117,141,372,539,ACTIVE,3/1/2019,seed from tblMoldDesign MoldDesignID=364,,
540,DIC118-MDID-365,DIC-118,141,373,540,ACTIVE,3/7/2019,seed from tblMoldDesign MoldDesignID=365,,
541,DIC119-MDID-366,DIC-119,141,374,541,ACTIVE,2/25/2019,seed from tblMoldDesign MoldDesignID=366,,
542,DIC120-MDID-367,DIC-120,141,375,542,ACTIVE,4/4/2019,seed from tblMoldDesign MoldDesignID=367,,
543,DIC121-MDID-368,DIC-121,141,376,543,ACTIVE,2/27/2019,seed from tblMoldDesign MoldDesignID=368,,
544,DIC122-MDID-369,DIC-122,141,377,544,ACTIVE,3/18/2019,seed from tblMoldDesign MoldDesignID=369,,
545,DIC125-MDID-370,DIC-125,141,378,545,ACTIVE,7/23/2019,seed from tblMoldDesign MoldDesignID=370,,
546,DIC126-MDID-371,DIC-126,141,379,546,ACTIVE,7/30/2019,seed from tblMoldDesign MoldDesignID=371,,
547,DIC127-MDID-372,DIC-127,141,380,547,ACTIVE,10/18/2019,seed from tblMoldDesign MoldDesignID=372,,
548,DIC129-MDID-373,DIC-129,141,381,548,ACTIVE,12/27/2019,seed from tblMoldDesign MoldDesignID=373,,
549,DIC130-MDID-374,DIC-130,141,382,549,ACTIVE,7/6/2020,seed from tblMoldDesign MoldDesignID=374,,
550,DIC131-MDID-375,DIC-131,141,383,550,ACTIVE,10/9/2020,seed from tblMoldDesign MoldDesignID=375,,
551,DIC132-MDID-376,DIC-132,141,384,551,ACTIVE,11/4/2020,seed from tblMoldDesign MoldDesignID=376,,
552,DIC133-MDID-377,DIC-133,141,385,552,ACTIVE,11/16/2020,seed from tblMoldDesign MoldDesignID=377,,
553,DIC134-MDID-378,DIC-134,141,386,553,ACTIVE,12/23/2020,seed from tblMoldDesign MoldDesignID=378,,
554,DIC135-MDID-379,DIC-135,141,387,554,ACTIVE,1/6/2021,seed from tblMoldDesign MoldDesignID=379,,
555,DIC136-MDID-380,DIC-136,141,388,555,ACTIVE,3/10/2026,seed from tblMoldDesign MoldDesignID=380,,
556,DIC137-MDID-381,DIC-137,141,389,556,ACTIVE,3/10/2026,seed from tblMoldDesign MoldDesignID=381,,
557,DIC138-MDID-382,DIC-138,141,390,557,ACTIVE,3/10/2026,seed from tblMoldDesign MoldDesignID=382,,
558,DIC139-MDID-383,DIC-139,141,391,558,ACTIVE,3/10/2026,seed from tblMoldDesign MoldDesignID=383,,
559,DIC140-MDID-384,DIC-140,141,392,559,ACTIVE,3/10/2026,seed from tblMoldDesign MoldDesignID=384,,
560,DIC141-MDID-385,DIC-141,141,393,560,ACTIVE,3/10/2026,seed from tblMoldDesign MoldDesignID=385,,
561,DIC142-MDID-386,DIC-142,141,394,561,ACTIVE,3/10/2026,seed from tblMoldDesign MoldDesignID=386,,
562,DIC143R2-MDID-388,DIC-143 R2,141,395,562,ACTIVE,3/10/2026,seed from tblMoldDesign MoldDesignID=388,,
563,DIC144-MDID-389,DIC-144,141,396,563,ACTIVE,3/10/2026,seed from tblMoldDesign MoldDesignID=389,,
564,DIC145-MDID-390,DIC-145,141,397,564,ACTIVE,3/10/2026,seed from tblMoldDesign MoldDesignID=390,,
565,DIC146R3-MDID-392,DIC-146 R3,141,398,565,ACTIVE,3/10/2026,seed from tblMoldDesign MoldDesignID=392,,
566,DIC146D-MDID-393,DIC-146D,141,398,566,ACTIVE,3/10/2026,seed from tblMoldDesign MoldDesignID=393,,
567,DIC147-MDID-394,DIC-147,141,399,567,ACTIVE,3/10/2026,seed from tblMoldDesign MoldDesignID=394,,
568,DIC147D-MDID-395,DIC-147D,141,399,568,ACTIVE,3/10/2026,seed from tblMoldDesign MoldDesignID=395,,
569,DIC147R4-MDID-396,DIC-147　R4,141,399,569,ACTIVE,3/10/2026,seed from tblMoldDesign MoldDesignID=396,,
570,DIC148-MDID-397,DIC-148,141,400,570,ACTIVE,3/10/2026,seed from tblMoldDesign MoldDesignID=397,,
571,DIC151-MDID-398,DIC-151,141,4371,571,ACTIVE,9/4/2024,seed from tblMoldDesign MoldDesignID=398,,
572,DIM001R-MDID-399,DIM-001R,142,401,572,ACTIVE,4/16/2015,seed from tblMoldDesign MoldDesignID=399,,
573,DIM002-MDID-400,DIM-002,142,402,573,ACTIVE,7/6/2015,seed from tblMoldDesign MoldDesignID=400,,
574,DIM004-MDID-401,DIM-004,142,3890,574,ACTIVE,4/3/2017,seed from tblMoldDesign MoldDesignID=401,,
575,DIM005-MDID-402,DIM-005,142,403,575,ACTIVE,5/18/2018,seed from tblMoldDesign MoldDesignID=402,,
576,DIM006-MDID-403,DIM-006,142,404,576,ACTIVE,9/4/2018,seed from tblMoldDesign MoldDesignID=403,,
577,DIM007-MDID-404,DIM-007,142,405,577,ACTIVE,9/4/2018,seed from tblMoldDesign MoldDesignID=404,,
578,DIM008-MDID-405,DIM-008,142,406,578,ACTIVE,10/23/2018,seed from tblMoldDesign MoldDesignID=405,,
579,DIM009-MDID-406,DIM-009,142,407,579,ACTIVE,10/23/2018,seed from tblMoldDesign MoldDesignID=406,,
580,DIM010R3-MDID-407,DIM-010 R3,142,3891,580,ACTIVE,11/9/2018,seed from tblMoldDesign MoldDesignID=407,,
581,DIM011-MDID-409,DIM-011,142,409,581,ACTIVE,10/7/2020,seed from tblMoldDesign MoldDesignID=409,,
582,DIM012-MDID-410,DIM-012,142,410,582,ACTIVE,10/7/2020,seed from tblMoldDesign MoldDesignID=410,,
583,DIM013-MDID-411,DIM-013,142,411,583,ACTIVE,10/13/2020,seed from tblMoldDesign MoldDesignID=411,,
584,DIM014-MDID-412,DIM-014,142,412,584,ACTIVE,10/13/2020,seed from tblMoldDesign MoldDesignID=412,,
585,DIM015-MDID-413,DIM-015,142,413,585,ACTIVE,3/10/2026,seed from tblMoldDesign MoldDesignID=413,,
586,DIM016-MDID-414,DIM-016,142,414,586,ACTIVE,3/10/2026,seed from tblMoldDesign MoldDesignID=414,,
587,DIM017-MDID-415,DIM-017,142,415,587,ACTIVE,3/10/2026,seed from tblMoldDesign MoldDesignID=415,,
588,DIM018-MDID-416,DIM-018,142,416,588,ACTIVE,3/10/2026,seed from tblMoldDesign MoldDesignID=416,,
589,DIM019R1-MDID-417,DIM-019 R1,142,417,589,ACTIVE,3/10/2026,seed from tblMoldDesign MoldDesignID=417,,
590,DIN001-MDID-418,DIN-001,143,418,590,ACTIVE,3/10/2026,seed from tblMoldDesign MoldDesignID=418,,
591,DIN010-MDID-419,DIN-010,143,3892,591,ACTIVE,3/10/2026,seed from tblMoldDesign MoldDesignID=419,,
592,DIS001-MDID-420,DIS-001,268,419,592,ACTIVE,3/2/2018,seed from tblMoldDesign MoldDesignID=420,,
593,DK030-MDID-421,DK-030,144,3893,593,ACTIVE,3/10/2026,seed from tblMoldDesign MoldDesignID=421,,
594,DK031-MDID-422,DK-031,144,3894,594,ACTIVE,3/10/2026,seed from tblMoldDesign MoldDesignID=422,,
595,DK120-MDID-423,DK-120,144,4373,595,ACTIVE,9/5/2024,seed from tblMoldDesign MoldDesignID=423,,
596,DK121-MDID-424,DK-121,144,4372,596,ACTIVE,9/5/2024,seed from tblMoldDesign MoldDesignID=424,,
597,DK129-MDID-425,DK-129,144,4374,597,ACTIVE,9/5/2024,seed from tblMoldDesign MoldDesignID=425,,
598,DK136-MDID-426,DK-136,144,4375,598,ACTIVE,9/5/2024,seed from tblMoldDesign MoldDesignID=426,,
599,DK139-MDID-427,DK-139,144,4378,599,ACTIVE,9/6/2024,seed from tblMoldDesign MoldDesignID=427,,
600,DK144-MDID-428,DK-144,144,4379,600,ACTIVE,9/6/2024,seed from tblMoldDesign MoldDesignID=428,,
601,DNS001B-MDID-429,DNS-001B,145,420,601,ACTIVE,3/10/2026,seed from tblMoldDesign MoldDesignID=429,,
602,DNS001T-MDID-430,DNS-001T,145,420,602,ACTIVE,3/10/2026,seed from tblMoldDesign MoldDesignID=430,,
603,DNS011-MDID-431,DNS-011,145,422,603,ACTIVE,3/10/2026,seed from tblMoldDesign MoldDesignID=431,,
604,DuraVertical5080-MDID-432,DuraVertical 5080,244,423,604,ACTIVE,3/10/2026,seed from tblMoldDesign MoldDesignID=432,,
605,EDK004-MDID-433,EDK-004,147,426,605,ACTIVE,3/10/2026,seed from tblMoldDesign MoldDesignID=433,,
606,EK001-MDID-434,EK-001,148,427,606,ACTIVE,3/10/2026,seed from tblMoldDesign MoldDesignID=434,,
607,FDK009-MDID-514,FDK-009,153,502,607,ACTIVE,3/29/2019,seed from tblMoldDesign MoldDesignID=514,,
608,FHJ001-MDID-515,FHJ-001,154,503,608,ACTIVE,3/10/2026,seed from tblMoldDesign MoldDesignID=515,,
609,FHJ001R4-MDID-516,FHJ-001 R4,154,503,609,ACTIVE,3/10/2026,seed from tblMoldDesign MoldDesignID=516,,
610,FHJ001PLUG-MDID-517,FHJ-001PLUG,154,503,610,ACTIVE,3/10/2026,seed from tblMoldDesign MoldDesignID=517,,
611,FJK-MDID-518,FJK,155,3901,611,ACTIVE,3/10/2026,seed from tblMoldDesign MoldDesignID=518,,
612,FJK001-MDID-519,FJK-001,155,505,612,ACTIVE,3/10/2026,seed from tblMoldDesign MoldDesignID=519,,
613,FJK002-MDID-520,FJK-002,155,506,613,ACTIVE,3/10/2026,seed from tblMoldDesign MoldDesignID=520,,
614,FJK003-MDID-521,FJK-003,155,507,614,ACTIVE,3/10/2026,seed from tblMoldDesign MoldDesignID=521,,
615,FJK004-MDID-522,FJK-004,155,508,615,ACTIVE,3/10/2026,seed from tblMoldDesign MoldDesignID=522,,
616,FJK006-MDID-523,FJK-006,155,509,616,ACTIVE,3/10/2026,seed from tblMoldDesign MoldDesignID=523,,
617,FJK2-MDID-524,FJK-2,155,510,617,ACTIVE,3/10/2026,seed from tblMoldDesign MoldDesignID=524,,
618,FJT001-MDID-525,FJT-001,315,511,618,ACTIVE,7/17/2020,seed from tblMoldDesign MoldDesignID=525,,
619,FUJIKURA-MDID-526,FUJIKURA,244,2952,619,ACTIVE,3/10/2026,seed from tblMoldDesign MoldDesignID=526,,
620,GAS005-MDID-527,GAS-005,344,513,620,ACTIVE,3/10/2026,seed from tblMoldDesign MoldDesignID=527,,
621,GKD002-MDID-528,GKD-002,156,514,621,ACTIVE,3/10/2026,seed from tblMoldDesign MoldDesignID=528,,
622,GMY001-MDID-529,GMY-001,157,515,622,ACTIVE,10/20/2014,seed from tblMoldDesign MoldDesignID=529,,
623,GMY004-MDID-530,GMY-004,157,516,623,ACTIVE,3/10/2026,seed from tblMoldDesign MoldDesignID=530,,
624,GMY006-MDID-531,GMY-006,157,517,624,ACTIVE,3/10/2026,seed from tblMoldDesign MoldDesignID=531,,
625,GMY012-MDID-532,GMY-012,157,3903,625,ACTIVE,3/10/2026,seed from tblMoldDesign MoldDesignID=532,,
626,GMY014-MDID-533,GMY-014,157,518,626,ACTIVE,3/10/2026,seed from tblMoldDesign MoldDesignID=533,,
627,GMY023-MDID-534,GMY-023,157,3904,627,ACTIVE,3/10/2026,seed from tblMoldDesign MoldDesignID=534,,
628,GMY036-MDID-535,GMY-036,157,3905,628,ACTIVE,3/10/2026,seed from tblMoldDesign MoldDesignID=535,,
629,GMY040-MDID-536,GMY-040,157,3906,629,ACTIVE,3/10/2026,seed from tblMoldDesign MoldDesignID=536,,
630,GMY050-MDID-537,GMY-050,157,519,630,ACTIVE,3/10/2026,seed from tblMoldDesign MoldDesignID=537,,
631,GMY060-MDID-538,GMY-060,157,520,631,ACTIVE,3/10/2026,seed from tblMoldDesign MoldDesignID=538,,
632,GMY064-MDID-539,GMY-064,157,521,632,ACTIVE,3/10/2026,seed from tblMoldDesign MoldDesignID=539,,
633,GMY067-MDID-540,GMY-067,157,522,633,ACTIVE,3/10/2026,seed from tblMoldDesign MoldDesignID=540,,
634,GMY086-MDID-541,GMY-086,157,523,634,ACTIVE,10/20/2014,seed from tblMoldDesign MoldDesignID=541,,
635,GMY087-MDID-542,GMY-087,157,524,635,ACTIVE,10/20/2014,seed from tblMoldDesign MoldDesignID=542,,
636,GMY089-MDID-543,GMY-089,157,525,636,ACTIVE,10/20/2014,seed from tblMoldDesign MoldDesignID=543,,
637,GMY090-MDID-544,GMY-090,157,526,637,ACTIVE,10/20/2014,seed from tblMoldDesign MoldDesignID=544,,
638,GMY092-MDID-545,GMY-092,157,527,638,ACTIVE,5/22/2015,seed from tblMoldDesign MoldDesignID=545,,
639,GMY093-MDID-546,GMY-093,157,528,639,ACTIVE,6/25/2015,seed from tblMoldDesign MoldDesignID=546,,
640,GMY094-MDID-547,GMY-094,157,529,640,ACTIVE,7/14/2015,seed from tblMoldDesign MoldDesignID=547,,
641,GMY095-MDID-548,GMY-095,157,530,641,ACTIVE,7/12/2016,seed from tblMoldDesign MoldDesignID=548,,
642,GMY095R-MDID-549,GMY-095R,157,530,642,ACTIVE,7/29/2016,seed from tblMoldDesign MoldDesignID=549,,
643,GMY096-MDID-550,GMY-096,157,532,643,ACTIVE,4/5/2017,seed from tblMoldDesign MoldDesignID=550,,
644,HAK001-MDID-551,HAK-001,159,547,644,ACTIVE,4/2/2019,seed from tblMoldDesign MoldDesignID=551,,
645,HCP001-MDID-552,HCP-001,160,548,645,ACTIVE,10/20/2014,seed from tblMoldDesign MoldDesignID=552,,
646,HIN001-MDID-553,HIN-001,161,549,646,ACTIVE,4/8/2019,seed from tblMoldDesign MoldDesignID=553,,
647,HIN004-MDID-554,HIN-004,161,550,647,ACTIVE,6/28/2021,seed from tblMoldDesign MoldDesignID=554,,
648,HKS001-MDID-555,HKS-001,162,551,648,ACTIVE,3/10/2026,seed from tblMoldDesign MoldDesignID=555,,
649,HKS002-MDID-556,HKS-002,162,552,649,ACTIVE,3/10/2026,seed from tblMoldDesign MoldDesignID=556,,
650,HKS003-MDID-557,HKS-003,162,553,650,ACTIVE,3/10/2026,seed from tblMoldDesign MoldDesignID=557,,
651,HKS004-MDID-558,HKS-004,162,554,651,ACTIVE,10/20/2014,seed from tblMoldDesign MoldDesignID=558,,
652,HKS005-MDID-559,HKS-005,162,555,652,ACTIVE,10/20/2014,seed from tblMoldDesign MoldDesignID=559,,
653,HKS006-MDID-560,HKS-006,162,556,653,ACTIVE,1/22/2016,seed from tblMoldDesign MoldDesignID=560,,
654,HKS007-MDID-561,HKS-007,162,557,654,ACTIVE,9/19/2017,seed from tblMoldDesign MoldDesignID=561,,
655,HKS008-MDID-562,HKS-008,162,558,655,ACTIVE,9/25/2017,seed from tblMoldDesign MoldDesignID=562,,
656,HKS010-MDID-563,HKS-010,162,559,656,ACTIVE,7/19/2019,seed from tblMoldDesign MoldDesignID=563,,
657,HKS011-MDID-564,HKS-011,162,560,657,ACTIVE,3/10/2026,seed from tblMoldDesign MoldDesignID=564,,
658,HKS012-MDID-565,HKS-012,162,561,658,ACTIVE,3/10/2026,seed from tblMoldDesign MoldDesignID=565,,
659,HMP001-MDID-566,HMP-001,163,562,659,ACTIVE,3/10/2026,seed from tblMoldDesign MoldDesignID=566,,
660,HMP002-MDID-567,HMP-002,163,563,660,ACTIVE,3/10/2026,seed from tblMoldDesign MoldDesignID=567,,
661,HMP003(MRY003)-MDID-568,HMP-003 (MRY-003),163,564,661,ACTIVE,3/10/2026,seed from tblMoldDesign MoldDesignID=568,,
662,HMP004-MDID-569,HMP-004,163,565,662,ACTIVE,3/10/2026,seed from tblMoldDesign MoldDesignID=569,,
663,HMP005(使用禁止）-MDID-570,HMP-005 (使用禁止）,163,566,663,ACTIVE,3/10/2026,seed from tblMoldDesign MoldDesignID=570,,
664,HMP006-MDID-571,HMP-006,163,567,664,ACTIVE,10/20/2014,seed from tblMoldDesign MoldDesignID=571,,
665,HMPNoNumber-MDID-572,HMP-No Number,163,568,665,ACTIVE,3/10/2026,seed from tblMoldDesign MoldDesignID=572,,
666,HNS001-MDID-573,HNS-001,164,569,666,ACTIVE,5/30/2020,seed from tblMoldDesign MoldDesignID=573,,
667,HNS002-MDID-574,HNS-002,164,570,667,ACTIVE,3/22/2021,seed from tblMoldDesign MoldDesignID=574,,
668,HOKUTO-MDID-575,HOKUTO,165,3908,668,ACTIVE,3/10/2026,seed from tblMoldDesign MoldDesignID=575,,
669,HOKUTONoNumber-MDID-576,HOKUTO-No Number,165,3908,669,ACTIVE,3/10/2026,seed from tblMoldDesign MoldDesignID=576,,
670,HRT001-MDID-577,HRT-001,166,572,670,ACTIVE,10/20/2014,seed from tblMoldDesign MoldDesignID=577,,
671,HRT002-MDID-578,HRT-002,166,573,671,ACTIVE,10/20/2014,seed from tblMoldDesign MoldDesignID=578,,
672,HSH001-MDID-579,HSH-001,167,574,672,ACTIVE,6/8/2020,seed from tblMoldDesign MoldDesignID=579,,
673,HSK001-MDID-580,HSK-001,168,575,673,ACTIVE,3/23/2015,seed from tblMoldDesign MoldDesignID=580,,
674,HSK002-MDID-581,HSK-002,168,576,674,ACTIVE,3/10/2026,seed from tblMoldDesign MoldDesignID=581,,
675,HSK003-MDID-582,HSK-003,168,577,675,ACTIVE,3/10/2026,seed from tblMoldDesign MoldDesignID=582,,
676,HTK001-MDID-583,HTK-001,286,578,676,ACTIVE,2/18/2016,seed from tblMoldDesign MoldDesignID=583,,
677,HYS001-MDID-584,HYS-001,334,3909,677,ACTIVE,1/19/2016,seed from tblMoldDesign MoldDesignID=584,,
678,HYT001-MDID-585,HYT-001,169,579,678,ACTIVE,3/10/2026,seed from tblMoldDesign MoldDesignID=585,,
679,HYT002-MDID-586,HYT-002,169,580,679,ACTIVE,3/10/2026,seed from tblMoldDesign MoldDesignID=586,,
680,Hシリーズ-MDID-587,Hシリーズ,108,2784,680,ACTIVE,3/10/2026,seed from tblMoldDesign MoldDesignID=587,,
681,IDM001-MDID-588,IDM-001,170,581,681,ACTIVE,11/30/2020,seed from tblMoldDesign MoldDesignID=588,,
682,IDM002-MDID-589,IDM-002,170,582,682,ACTIVE,3/10/2026,seed from tblMoldDesign MoldDesignID=589,,
683,IDM003-MDID-590,IDM-003,170,583,683,ACTIVE,2/8/2021,seed from tblMoldDesign MoldDesignID=590,,
684,IDM004-MDID-591,IDM-004,170,584,684,ACTIVE,2/24/2021,seed from tblMoldDesign MoldDesignID=591,,
685,IGB001-MDID-592,IGB-001,171,585,685,ACTIVE,3/23/2017,seed from tblMoldDesign MoldDesignID=592,,
686,IMT001-MDID-593,IMT-001,313,586,686,ACTIVE,10/20/2014,seed from tblMoldDesign MoldDesignID=593,,
687,IMT002-MDID-594,IMT-002,313,587,687,ACTIVE,10/20/2014,seed from tblMoldDesign MoldDesignID=594,,
688,IMT003-MDID-595,IMT-003,313,588,688,ACTIVE,10/20/2014,seed from tblMoldDesign MoldDesignID=595,,
689,INP001-MDID-596,INP-001,172,589,689,ACTIVE,3/10/2026,seed from tblMoldDesign MoldDesignID=596,,
690,INP002-MDID-597,INP-002,172,590,690,ACTIVE,10/20/2014,seed from tblMoldDesign MoldDesignID=597,,
691,INP003-MDID-598,INP-003,172,591,691,ACTIVE,10/20/2014,seed from tblMoldDesign MoldDesignID=598,,
692,IPC002-MDID-599,IPC-002,173,592,692,ACTIVE,3/10/2026,seed from tblMoldDesign MoldDesignID=599,,
693,IR2200-MDID-600,IR-2200,174,593,693,ACTIVE,3/10/2026,seed from tblMoldDesign MoldDesignID=600,,
694,IRS001-MDID-601,IRS-001,329,3911,694,ACTIVE,3/10/2026,seed from tblMoldDesign MoldDesignID=601,,
695,ITS001-MDID-602,ITS-001,175,594,695,ACTIVE,10/20/2014,seed from tblMoldDesign MoldDesignID=602,,
696,ITS002-MDID-603,ITS-002,175,595,696,ACTIVE,10/20/2014,seed from tblMoldDesign MoldDesignID=603,,
697,IWD001-MDID-604,IWD-001,176,596,697,ACTIVE,12/2/2016,seed from tblMoldDesign MoldDesignID=604,,
698,IWD004-MDID-605,IWD-004,176,3912,698,ACTIVE,3/10/2026,seed from tblMoldDesign MoldDesignID=605,,
699,IZK001-MDID-606,IZK-001,277,597,699,ACTIVE,1/25/2016,seed from tblMoldDesign MoldDesignID=606,,
700,IZW001-MDID-607,IZW-001,327,3913,700,ACTIVE,10/20/2014,seed from tblMoldDesign MoldDesignID=607,,
701,IZW002-MDID-608,IZW-002,327,3914,701,ACTIVE,10/20/2014,seed from tblMoldDesign MoldDesignID=608,,
702,JAE-MDID-609,JAE,177,3915,702,ACTIVE,10/20/2014,seed from tblMoldDesign MoldDesignID=609,,
703,JAEスタキング-MDID-610,JAE - スタキング,177,3915,703,ACTIVE,3/10/2026,seed from tblMoldDesign MoldDesignID=610,,
704,JAE001-MDID-611,JAE-001,177,599,704,ACTIVE,10/20/2014,seed from tblMoldDesign MoldDesignID=611,,
705,JAE002-MDID-612,JAE-002,177,600,705,ACTIVE,10/20/2014,seed from tblMoldDesign MoldDesignID=612,,
706,JAE003-MDID-613,JAE-003,177,601,706,ACTIVE,10/20/2014,seed from tblMoldDesign MoldDesignID=613,,
707,JAE004-MDID-614,JAE-004,177,602,707,ACTIVE,11/28/2014,seed from tblMoldDesign MoldDesignID=614,,
708,JAE005-MDID-615,JAE-005,177,603,708,ACTIVE,11/28/2014,seed from tblMoldDesign MoldDesignID=615,,
709,JAE006-MDID-616,JAE-006,177,604,709,ACTIVE,10/20/2014,seed from tblMoldDesign MoldDesignID=616,,
710,JAE007-MDID-617,JAE-007,177,605,710,ACTIVE,10/20/2014,seed from tblMoldDesign MoldDesignID=617,,
711,JAE008-MDID-618,JAE-008,177,606,711,ACTIVE,10/20/2014,seed from tblMoldDesign MoldDesignID=618,,
712,JAE011-MDID-619,JAE-011,177,607,712,ACTIVE,3/10/2026,seed from tblMoldDesign MoldDesignID=619,,
713,JAE012-MDID-620,JAE-012,177,608,713,ACTIVE,10/20/2014,seed from tblMoldDesign MoldDesignID=620,,
714,JAE013-MDID-621,JAE-013,177,4366,714,ACTIVE,10/20/2014,seed from tblMoldDesign MoldDesignID=621,,
715,JAE016-MDID-622,JAE-016,177,609,715,ACTIVE,11/28/2014,seed from tblMoldDesign MoldDesignID=622,,
716,JAE019-MDID-623,JAE-019,177,610,716,ACTIVE,10/20/2014,seed from tblMoldDesign MoldDesignID=623,,
717,JAE020-MDID-624,JAE-020,177,611,717,ACTIVE,10/20/2014,seed from tblMoldDesign MoldDesignID=624,,
718,JAE023-MDID-625,JAE-023,177,612,718,ACTIVE,11/18/2014,seed from tblMoldDesign MoldDesignID=625,,
719,JAE024-MDID-626,JAE-024,177,613,719,ACTIVE,1/19/2015,seed from tblMoldDesign MoldDesignID=626,,
720,JAE025-MDID-627,JAE-025,177,3916,720,ACTIVE,10/28/2014,seed from tblMoldDesign MoldDesignID=627,,
721,JAE026-MDID-628,JAE-026,177,3917,721,ACTIVE,1/5/2015,seed from tblMoldDesign MoldDesignID=628,,
722,JAE032-MDID-629,JAE-032,177,614,722,ACTIVE,6/1/2015,seed from tblMoldDesign MoldDesignID=629,,
723,JAE033-MDID-630,JAE-033,177,615,723,ACTIVE,4/3/2015,seed from tblMoldDesign MoldDesignID=630,,
724,JAE034585x285-MDID-631,JAE-034 585x285,177,616,724,ACTIVE,5/9/2016,seed from tblMoldDesign MoldDesignID=631,,
725,JAE034PLUG-MDID-632,JAE-034PLUG,177,616,725,ACTIVE,3/10/2026,seed from tblMoldDesign MoldDesignID=632,,
726,JAE035ZF-MDID-633,JAE-035 ZF,177,617,726,ACTIVE,6/9/2015,seed from tblMoldDesign MoldDesignID=633,,
727,JAE036ZD-MDID-634,JAE-036 ZD,177,618,727,ACTIVE,5/9/2016,seed from tblMoldDesign MoldDesignID=634,,
728,JAE037-MDID-635,JAE-037,177,619,728,ACTIVE,4/20/2015,seed from tblMoldDesign MoldDesignID=635,,
729,JAE041-MDID-636,JAE-041,177,620,729,ACTIVE,4/28/2015,seed from tblMoldDesign MoldDesignID=636,,
730,JAE042-MDID-637,JAE-042,177,621,730,ACTIVE,5/16/2015,seed from tblMoldDesign MoldDesignID=637,,
731,JAE043-MDID-638,JAE-043,177,622,731,ACTIVE,5/19/2015,seed from tblMoldDesign MoldDesignID=638,,
732,JAE045-MDID-639,JAE-045,177,623,732,ACTIVE,5/25/2015,seed from tblMoldDesign MoldDesignID=639,,
733,JAE046-MDID-640,JAE-046,177,624,733,ACTIVE,5/28/2015,seed from tblMoldDesign MoldDesignID=640,,
734,JAE047-MDID-641,JAE-047,177,625,734,ACTIVE,6/15/2015,seed from tblMoldDesign MoldDesignID=641,,
735,JAE050-MDID-642,JAE-050,177,626,735,ACTIVE,8/4/2015,seed from tblMoldDesign MoldDesignID=642,,
736,JAE051-MDID-643,JAE-051,177,3919,736,ACTIVE,7/15/2015,seed from tblMoldDesign MoldDesignID=643,,
737,JAE052-MDID-644,JAE-052,177,627,737,ACTIVE,8/20/2015,seed from tblMoldDesign MoldDesignID=644,,
738,JAE053-MDID-645,JAE-053,177,628,738,ACTIVE,8/18/2015,seed from tblMoldDesign MoldDesignID=645,,
739,JAE054-MDID-646,JAE-054,177,629,739,ACTIVE,9/14/2015,seed from tblMoldDesign MoldDesignID=646,,
740,JAE059-MDID-647,JAE-059,177,3920,740,ACTIVE,8/8/2015,seed from tblMoldDesign MoldDesignID=647,,
741,JAE063-MDID-648,JAE-063,177,630,741,ACTIVE,11/12/2015,seed from tblMoldDesign MoldDesignID=648,,
742,JAE065-MDID-649,JAE-065,177,631,742,ACTIVE,11/13/2015,seed from tblMoldDesign MoldDesignID=649,,
743,JAE066-MDID-650,JAE-066,177,3921,743,ACTIVE,9/27/2015,seed from tblMoldDesign MoldDesignID=650,,
744,JAE067-MDID-651,JAE-067,177,3922,744,ACTIVE,9/26/2015,seed from tblMoldDesign MoldDesignID=651,,
745,JAE070-MDID-653,JAE-070,177,632,745,ACTIVE,10/5/2015,seed from tblMoldDesign MoldDesignID=653,,
746,JAE071-MDID-654,JAE-071,177,633,746,ACTIVE,10/13/2015,seed from tblMoldDesign MoldDesignID=654,,
747,JAE075-MDID-655,JAE-075,177,3923,747,ACTIVE,11/16/2015,seed from tblMoldDesign MoldDesignID=655,,
748,JAE078-MDID-656,JAE-078,177,634,748,ACTIVE,11/18/2015,seed from tblMoldDesign MoldDesignID=656,,
749,JAE079-MDID-657,JAE-079,177,635,749,ACTIVE,11/18/2015,seed from tblMoldDesign MoldDesignID=657,,
750,JAE080-MDID-658,JAE-080,177,636,750,ACTIVE,2/10/2016,seed from tblMoldDesign MoldDesignID=658,,
751,JAE083-MDID-659,JAE-083,177,637,751,ACTIVE,11/30/2015,seed from tblMoldDesign MoldDesignID=659,,
752,JAE090-MDID-660,JAE-090,177,638,752,ACTIVE,3/9/2016,seed from tblMoldDesign MoldDesignID=660,,
753,JAE092-MDID-661,JAE-092,177,639,753,ACTIVE,3/18/2016,seed from tblMoldDesign MoldDesignID=661,,
754,JAE099-MDID-662,JAE-099,177,4380,754,ACTIVE,5/16/2016,seed from tblMoldDesign MoldDesignID=662,,
755,JAE101-MDID-663,JAE-101,177,640,755,ACTIVE,6/10/2016,seed from tblMoldDesign MoldDesignID=663,,
756,JAE111-MDID-664,JAE-111,177,641,756,ACTIVE,11/30/2016,seed from tblMoldDesign MoldDesignID=664,,
757,JAE112?-MDID-665,JAE-112?,177,642,757,ACTIVE,12/21/2016,seed from tblMoldDesign MoldDesignID=665,,
758,JAE112-MDID-666,JAE-112,177,642,758,ACTIVE,12/21/2016,seed from tblMoldDesign MoldDesignID=666,,
759,JAE113R874H-MDID-667,JAE-113 R8 74H,177,643,759,ACTIVE,12/14/2016,seed from tblMoldDesign MoldDesignID=667,,
760,JAE114-MDID-668,JAE-114,177,644,760,ACTIVE,3/23/2017,seed from tblMoldDesign MoldDesignID=668,,
761,JAE116-MDID-669,JAE-116,177,645,761,ACTIVE,2/2/2017,seed from tblMoldDesign MoldDesignID=669,,
762,JAE117-MDID-670,JAE-117,177,646,762,ACTIVE,4/17/2017,seed from tblMoldDesign MoldDesignID=670,,
763,JAE117B-MDID-671,JAE-117B,177,646,763,ACTIVE,3/10/2026,seed from tblMoldDesign MoldDesignID=671,,
764,JAE121-MDID-672,JAE-121,177,647,764,ACTIVE,3/10/2026,seed from tblMoldDesign MoldDesignID=672,,
765,JAE123-MDID-673,JAE-123,177,648,765,ACTIVE,3/18/2017,seed from tblMoldDesign MoldDesignID=673,,
766,JAE124-MDID-674,JAE-124,177,3925,766,ACTIVE,3/21/2017,seed from tblMoldDesign MoldDesignID=674,,
767,JAE126-MDID-675,JAE-126,177,649,767,ACTIVE,4/15/2017,seed from tblMoldDesign MoldDesignID=675,,
768,JAE128-MDID-677,JAE-128,177,650,768,ACTIVE,5/1/2017,seed from tblMoldDesign MoldDesignID=677,,
769,JAE129-MDID-678,JAE-129,177,651,769,ACTIVE,5/18/2017,seed from tblMoldDesign MoldDesignID=678,,
770,JAE130-MDID-679,JAE-130,177,652,770,ACTIVE,5/19/2017,seed from tblMoldDesign MoldDesignID=679,,
771,JAE131-MDID-680,JAE-131,177,653,771,ACTIVE,8/28/2017,seed from tblMoldDesign MoldDesignID=680,,
772,JAE132-MDID-681,JAE-132,177,654,772,ACTIVE,8/9/2017,seed from tblMoldDesign MoldDesignID=681,,
773,JAE134-MDID-682,JAE-134,177,655,773,ACTIVE,4/16/2019,seed from tblMoldDesign MoldDesignID=682,,
774,JAE135-MDID-683,JAE-135,177,656,774,ACTIVE,9/27/2017,seed from tblMoldDesign MoldDesignID=683,,
775,JAE139-MDID-684,JAE-139,177,657,775,ACTIVE,12/22/2017,seed from tblMoldDesign MoldDesignID=684,,
776,JAE140R1PET-MDID-685,JAE-140 R1 PET,177,658,776,ACTIVE,1/5/2018,seed from tblMoldDesign MoldDesignID=685,,
777,JAE145-MDID-686,JAE-145,177,659,777,ACTIVE,10/26/2017,seed from tblMoldDesign MoldDesignID=686,,
778,JAE146-MDID-687,JAE-146,177,3927,778,ACTIVE,11/9/2017,seed from tblMoldDesign MoldDesignID=687,,
779,JAE147-MDID-688,JAE-147,177,660,779,ACTIVE,11/8/2017,seed from tblMoldDesign MoldDesignID=688,,
780,JAE148-MDID-689,JAE-148,177,661,780,ACTIVE,11/8/2017,seed from tblMoldDesign MoldDesignID=689,,
781,JAE149-MDID-690,JAE-149,177,662,781,ACTIVE,10/31/2017,seed from tblMoldDesign MoldDesignID=690,,
782,JAE150-MDID-691,JAE-150,177,663,782,ACTIVE,11/8/2017,seed from tblMoldDesign MoldDesignID=691,,
783,JAE153-MDID-692,JAE-153,177,664,783,ACTIVE,12/27/2017,seed from tblMoldDesign MoldDesignID=692,,
784,JAE153R-MDID-693,JAE-153R,177,664,784,ACTIVE,3/10/2026,seed from tblMoldDesign MoldDesignID=693,,
785,JAE155-MDID-694,JAE-155,177,665,785,ACTIVE,3/5/2018,seed from tblMoldDesign MoldDesignID=694,,
786,JAE156-MDID-695,JAE-156,177,666,786,ACTIVE,3/5/2018,seed from tblMoldDesign MoldDesignID=695,,
787,JAE157-MDID-696,JAE-157,177,667,787,ACTIVE,3/6/2018,seed from tblMoldDesign MoldDesignID=696,,
788,JAE158-MDID-697,JAE-158,177,668,788,ACTIVE,3/6/2018,seed from tblMoldDesign MoldDesignID=697,,
789,JAE159-MDID-698,JAE-159,177,669,789,ACTIVE,3/19/2018,seed from tblMoldDesign MoldDesignID=698,,
790,JAE160-MDID-699,JAE-160,177,670,790,ACTIVE,3/20/2018,seed from tblMoldDesign MoldDesignID=699,,
791,JAE161-MDID-700,JAE-161,177,671,791,ACTIVE,5/8/2018,seed from tblMoldDesign MoldDesignID=700,,
792,JAE162-MDID-701,JAE-162,177,672,792,ACTIVE,4/23/2018,seed from tblMoldDesign MoldDesignID=701,,
793,JAE164-MDID-702,JAE-164,177,675,793,ACTIVE,5/1/2018,seed from tblMoldDesign MoldDesignID=702,,
794,JAE167-MDID-703,JAE-167,177,673,794,ACTIVE,5/14/2018,seed from tblMoldDesign MoldDesignID=703,,
795,JAE168-MDID-704,JAE-168,177,674,795,ACTIVE,5/25/2018,seed from tblMoldDesign MoldDesignID=704,,
796,JAE169-MDID-705,JAE-169,177,3928,796,ACTIVE,6/14/2018,seed from tblMoldDesign MoldDesignID=705,,
797,JAE170-MDID-706,JAE-170,177,676,797,ACTIVE,6/14/2018,seed from tblMoldDesign MoldDesignID=706,,
798,JAE171-MDID-707,JAE-171,177,677,798,ACTIVE,6/4/2018,seed from tblMoldDesign MoldDesignID=707,,
799,JAE173-MDID-708,JAE-173,177,678,799,ACTIVE,7/3/2018,seed from tblMoldDesign MoldDesignID=708,,
800,JAE174-MDID-709,JAE-174,177,679,800,ACTIVE,7/9/2018,seed from tblMoldDesign MoldDesignID=709,,
801,JAE175-MDID-710,JAE-175,177,680,801,ACTIVE,7/10/2018,seed from tblMoldDesign MoldDesignID=710,,
802,JAE176-MDID-711,JAE-176,177,681,802,ACTIVE,7/10/2018,seed from tblMoldDesign MoldDesignID=711,,
803,JAE180-MDID-712,JAE-180,177,682,803,ACTIVE,10/15/2018,seed from tblMoldDesign MoldDesignID=712,,
804,JAE181-MDID-713,JAE-181,177,683,804,ACTIVE,12/3/2018,seed from tblMoldDesign MoldDesignID=713,,
805,JAE182-MDID-714,JAE-182,177,684,805,ACTIVE,12/13/2018,seed from tblMoldDesign MoldDesignID=714,,
806,JAE183-MDID-715,JAE-183,177,685,806,ACTIVE,12/13/2018,seed from tblMoldDesign MoldDesignID=715,,
807,JAE184-MDID-716,JAE-184,177,686,807,ACTIVE,12/17/2018,seed from tblMoldDesign MoldDesignID=716,,
808,JAE185-MDID-717,JAE-185,177,687,808,ACTIVE,12/18/2018,seed from tblMoldDesign MoldDesignID=717,,
809,JAE186-MDID-718,JAE-186,177,688,809,ACTIVE,3/4/2019,seed from tblMoldDesign MoldDesignID=718,,
810,JAE187-MDID-719,JAE-187,177,3929,810,ACTIVE,3/5/2019,seed from tblMoldDesign MoldDesignID=719,,
811,JAE188-MDID-720,JAE-188,177,689,811,ACTIVE,3/13/2019,seed from tblMoldDesign MoldDesignID=720,,
812,JAE189-MDID-721,JAE-189,177,690,812,ACTIVE,3/12/2019,seed from tblMoldDesign MoldDesignID=721,,
813,JAE190-MDID-722,JAE-190,177,691,813,ACTIVE,3/14/2019,seed from tblMoldDesign MoldDesignID=722,,
814,JAE191-MDID-723,JAE-191,177,692,814,ACTIVE,4/15/2019,seed from tblMoldDesign MoldDesignID=723,,
815,JAE192-MDID-724,JAE-192,177,693,815,ACTIVE,4/15/2019,seed from tblMoldDesign MoldDesignID=724,,
816,JAE193-MDID-725,JAE-193,177,694,816,ACTIVE,4/15/2019,seed from tblMoldDesign MoldDesignID=725,,
817,JAE194-MDID-726,JAE-194,177,695,817,ACTIVE,4/11/2019,seed from tblMoldDesign MoldDesignID=726,,
818,JAE196-MDID-727,JAE-196,177,696,818,ACTIVE,7/1/2019,seed from tblMoldDesign MoldDesignID=727,,
819,JAE197-MDID-728,JAE-197,177,697,819,ACTIVE,5/10/2019,seed from tblMoldDesign MoldDesignID=728,,
820,JAE198-MDID-729,JAE-198,177,698,820,ACTIVE,5/13/2019,seed from tblMoldDesign MoldDesignID=729,,
821,JAE199-MDID-730,JAE-199,177,699,821,ACTIVE,7/4/2019,seed from tblMoldDesign MoldDesignID=730,,
822,JAE200-MDID-731,JAE-200,177,700,822,ACTIVE,6/13/2019,seed from tblMoldDesign MoldDesignID=731,,
823,JAE201-MDID-732,JAE-201,177,701,823,ACTIVE,6/21/2019,seed from tblMoldDesign MoldDesignID=732,,
824,JAE202-MDID-733,JAE-202,177,4381,824,ACTIVE,7/2/2019,seed from tblMoldDesign MoldDesignID=733,,
825,JAE203-MDID-734,JAE-203,177,702,825,ACTIVE,7/5/2019,seed from tblMoldDesign MoldDesignID=734,,
826,JAE204-MDID-735,JAE-204,177,4382,826,ACTIVE,7/8/2019,seed from tblMoldDesign MoldDesignID=735,,
827,JAE206-MDID-736,JAE-206,177,703,827,ACTIVE,8/16/2019,seed from tblMoldDesign MoldDesignID=736,,
828,JAE208-MDID-737,JAE-208,177,704,828,ACTIVE,9/30/2019,seed from tblMoldDesign MoldDesignID=737,,
829,JAE209-MDID-738,JAE-209,177,705,829,ACTIVE,8/30/2019,seed from tblMoldDesign MoldDesignID=738,,
830,JAE210-MDID-739,JAE-210,177,706,830,ACTIVE,9/2/2019,seed from tblMoldDesign MoldDesignID=739,,
831,JAE211-MDID-740,JAE-211,177,707,831,ACTIVE,9/9/2019,seed from tblMoldDesign MoldDesignID=740,,
832,JAE212-MDID-741,JAE-212,177,708,832,ACTIVE,10/7/2019,seed from tblMoldDesign MoldDesignID=741,,
833,JAE213-MDID-742,JAE-213,177,709,833,ACTIVE,11/15/2019,seed from tblMoldDesign MoldDesignID=742,,
834,JAE214-MDID-743,JAE-214,177,710,834,ACTIVE,12/12/2019,seed from tblMoldDesign MoldDesignID=743,,
835,JAE215-MDID-744,JAE-215,177,3930,835,ACTIVE,12/10/2019,seed from tblMoldDesign MoldDesignID=744,,
836,JAE216-MDID-745,JAE-216,177,711,836,ACTIVE,2/6/2020,seed from tblMoldDesign MoldDesignID=745,,
837,JAE217-MDID-746,JAE-217,177,712,837,ACTIVE,3/3/2020,seed from tblMoldDesign MoldDesignID=746,,
838,JAE220-MDID-747,JAE-220,177,713,838,ACTIVE,5/8/2020,seed from tblMoldDesign MoldDesignID=747,,
839,JAE221-MDID-748,JAE-221,177,714,839,ACTIVE,5/8/2020,seed from tblMoldDesign MoldDesignID=748,,
840,JAE222-MDID-749,JAE-222,177,715,840,ACTIVE,6/25/2020,seed from tblMoldDesign MoldDesignID=749,,
841,JAE223-MDID-750,JAE-223,177,716,841,ACTIVE,9/24/2020,seed from tblMoldDesign MoldDesignID=750,,
842,JAE224-MDID-751,JAE-224,177,717,842,ACTIVE,9/26/2020,seed from tblMoldDesign MoldDesignID=751,,
843,JAE225-MDID-752,JAE-225,177,718,843,ACTIVE,9/24/2020,seed from tblMoldDesign MoldDesignID=752,,
844,JAE226-MDID-753,JAE-226,177,719,844,ACTIVE,9/26/2020,seed from tblMoldDesign MoldDesignID=753,,
845,JAE227-MDID-754,JAE-227,177,720,845,ACTIVE,10/2/2020,seed from tblMoldDesign MoldDesignID=754,,
846,JAE228-MDID-755,JAE-228,177,721,846,ACTIVE,10/22/2020,seed from tblMoldDesign MoldDesignID=755,,
847,JAE229-MDID-756,JAE-229,177,722,847,ACTIVE,12/1/2020,seed from tblMoldDesign MoldDesignID=756,,
848,JAE230-MDID-757,JAE-230,177,723,848,ACTIVE,12/23/2020,seed from tblMoldDesign MoldDesignID=757,,
849,JAE230R3-MDID-758,JAE-230R3,177,723,849,ACTIVE,6/8/2021,seed from tblMoldDesign MoldDesignID=758,,
850,JAE231-MDID-759,JAE-231,177,725,850,ACTIVE,2/18/2021,seed from tblMoldDesign MoldDesignID=759,,
851,JAE232-MDID-760,JAE-232,177,726,851,ACTIVE,3/9/2021,seed from tblMoldDesign MoldDesignID=760,,
852,JAE233-MDID-761,JAE-233,177,727,852,ACTIVE,3/24/2021,seed from tblMoldDesign MoldDesignID=761,,
853,JAE235-MDID-762,JAE-235,177,728,853,ACTIVE,6/9/2021,seed from tblMoldDesign MoldDesignID=762,,
854,JAE236-MDID-763,JAE-236,177,729,854,ACTIVE,6/9/2021,seed from tblMoldDesign MoldDesignID=763,,
855,JAE238-MDID-764,JAE-238,177,730,855,ACTIVE,6/24/2021,seed from tblMoldDesign MoldDesignID=764,,
856,JAE239-MDID-765,JAE-239,177,731,856,ACTIVE,7/8/2021,seed from tblMoldDesign MoldDesignID=765,,
857,JAE240-MDID-766,JAE-240,177,732,857,ACTIVE,3/10/2026,seed from tblMoldDesign MoldDesignID=766,,
858,JAE241-MDID-767,JAE-241,177,733,858,ACTIVE,3/10/2026,seed from tblMoldDesign MoldDesignID=767,,
859,JAE242-MDID-768,JAE-242,177,734,859,ACTIVE,3/10/2026,seed from tblMoldDesign MoldDesignID=768,,
860,JAE243-MDID-769,JAE-243,177,735,860,ACTIVE,3/10/2026,seed from tblMoldDesign MoldDesignID=769,,
861,JAE244-MDID-770,JAE-244,177,736,861,ACTIVE,3/10/2026,seed from tblMoldDesign MoldDesignID=770,,
862,JAE245-MDID-771,JAE-245,177,737,862,ACTIVE,3/10/2026,seed from tblMoldDesign MoldDesignID=771,,
863,JAE247-MDID-772,JAE-247,177,738,863,ACTIVE,3/10/2026,seed from tblMoldDesign MoldDesignID=772,,
864,JAE249AB-MDID-773,JAE-249 AB,177,739,864,ACTIVE,3/10/2026,seed from tblMoldDesign MoldDesignID=773,,
865,JAE250-MDID-774,JAE-250,177,740,865,ACTIVE,3/10/2026,seed from tblMoldDesign MoldDesignID=774,,
866,JAE251-MDID-775,JAE-251,177,741,866,ACTIVE,3/10/2026,seed from tblMoldDesign MoldDesignID=775,,
867,JAE252-MDID-776,JAE-252,177,742,867,ACTIVE,3/10/2026,seed from tblMoldDesign MoldDesignID=776,,
868,JAE253-MDID-777,JAE-253,177,743,868,ACTIVE,3/10/2026,seed from tblMoldDesign MoldDesignID=777,,
869,JAE254-MDID-778,JAE-254,177,744,869,ACTIVE,3/10/2026,seed from tblMoldDesign MoldDesignID=778,,
870,JAE255-MDID-779,JAE-255,177,745,870,ACTIVE,3/10/2026,seed from tblMoldDesign MoldDesignID=779,,
871,JAE256-MDID-780,JAE-256,177,746,871,ACTIVE,3/10/2026,seed from tblMoldDesign MoldDesignID=780,,
872,JAE257-MDID-781,JAE-257,177,747,872,ACTIVE,3/10/2026,seed from tblMoldDesign MoldDesignID=781,,
873,JAE258-MDID-782,JAE-258,177,748,873,ACTIVE,3/10/2026,seed from tblMoldDesign MoldDesignID=782,,
874,JAE259-MDID-783,JAE-259,177,749,874,ACTIVE,3/10/2026,seed from tblMoldDesign MoldDesignID=783,,
875,JAE260-MDID-784,JAE-260,177,750,875,ACTIVE,3/10/2026,seed from tblMoldDesign MoldDesignID=784,,
876,JAE261-MDID-785,JAE-261,177,751,876,ACTIVE,3/10/2026,seed from tblMoldDesign MoldDesignID=785,,
877,JAE262-MDID-786,JAE-262,177,752,877,ACTIVE,3/10/2026,seed from tblMoldDesign MoldDesignID=786,,
878,JAE263-MDID-787,JAE-263,177,753,878,ACTIVE,3/10/2026,seed from tblMoldDesign MoldDesignID=787,,
879,JAE264-MDID-788,JAE-264,177,754,879,ACTIVE,3/10/2026,seed from tblMoldDesign MoldDesignID=788,,
880,JAE265-MDID-789,JAE-265,177,755,880,ACTIVE,3/10/2026,seed from tblMoldDesign MoldDesignID=789,,
881,JAE266-MDID-790,JAE-266,177,756,881,ACTIVE,3/10/2026,seed from tblMoldDesign MoldDesignID=790,,
882,JAE267-MDID-791,JAE-267,177,757,882,ACTIVE,3/10/2026,seed from tblMoldDesign MoldDesignID=791,,
883,JAE268-MDID-792,JAE-268,177,758,883,ACTIVE,3/10/2026,seed from tblMoldDesign MoldDesignID=792,,
884,JAE269-MDID-793,JAE-269,177,759,884,ACTIVE,3/10/2026,seed from tblMoldDesign MoldDesignID=793,,
885,JAE270-MDID-794,JAE-270,177,760,885,ACTIVE,11/22/2022,seed from tblMoldDesign MoldDesignID=794,,
886,JAE271-MDID-795,JAE-271,177,761,886,ACTIVE,3/10/2026,seed from tblMoldDesign MoldDesignID=795,,
887,JAE272-MDID-796,JAE-272,177,762,887,ACTIVE,3/10/2026,seed from tblMoldDesign MoldDesignID=796,,
888,JAE273-MDID-797,JAE-273,177,763,888,ACTIVE,3/10/2026,seed from tblMoldDesign MoldDesignID=797,,
889,JAE274-MDID-798,JAE-274,177,764,889,ACTIVE,3/10/2026,seed from tblMoldDesign MoldDesignID=798,,
890,JAE275-MDID-799,JAE-275,177,765,890,ACTIVE,3/10/2026,seed from tblMoldDesign MoldDesignID=799,,
891,JAE276-MDID-800,JAE-276,177,766,891,ACTIVE,3/10/2026,seed from tblMoldDesign MoldDesignID=800,,
892,JAE278-MDID-801,JAE-278,177,767,892,ACTIVE,2/15/2023,seed from tblMoldDesign MoldDesignID=801,,
893,JAE279-MDID-802,JAE-279,177,768,893,ACTIVE,3/10/2026,seed from tblMoldDesign MoldDesignID=802,,
894,JAE280-MDID-803,JAE-280,177,769,894,ACTIVE,3/10/2023,seed from tblMoldDesign MoldDesignID=803,,
895,JAE281-MDID-804,JAE-281,177,770,895,ACTIVE,3/10/2026,seed from tblMoldDesign MoldDesignID=804,,
896,JAE282-MDID-805,JAE-282,177,771,896,ACTIVE,3/10/2026,seed from tblMoldDesign MoldDesignID=805,,
897,JAE283-MDID-806,JAE-283,177,772,897,ACTIVE,3/10/2026,seed from tblMoldDesign MoldDesignID=806,,
898,JAE284-MDID-807,JAE-284,177,773,898,ACTIVE,3/10/2026,seed from tblMoldDesign MoldDesignID=807,,
899,JAE285-MDID-808,JAE-285,177,774,899,ACTIVE,3/10/2026,seed from tblMoldDesign MoldDesignID=808,,
900,JAE286A/B-MDID-810,JAE-286 A/B,177,775,900,ACTIVE,3/10/2026,seed from tblMoldDesign MoldDesignID=810,,
901,JAE287A/B-MDID-812,JAE-287 A/B,177,776,901,ACTIVE,3/10/2026,seed from tblMoldDesign MoldDesignID=812,,
902,JAE288A/B-MDID-813,JAE-288 A/B,177,777,902,ACTIVE,3/10/2026,seed from tblMoldDesign MoldDesignID=813,,
903,JAE289-MDID-814,JAE-289,177,778,903,ACTIVE,3/10/2026,seed from tblMoldDesign MoldDesignID=814,,
904,JAE290-MDID-815,JAE-290,177,779,904,ACTIVE,3/10/2026,seed from tblMoldDesign MoldDesignID=815,,
905,JAE291R2-MDID-817,JAE-291 R2,177,780,905,ACTIVE,6/15/2023,seed from tblMoldDesign MoldDesignID=817,,
906,JAE292-MDID-818,JAE-292,177,781,906,ACTIVE,3/10/2026,seed from tblMoldDesign MoldDesignID=818,,
907,JAE293-MDID-819,JAE-293,177,782,907,ACTIVE,3/10/2026,seed from tblMoldDesign MoldDesignID=819,,
908,JAE294-MDID-820,JAE-294,177,783,908,ACTIVE,3/10/2026,seed from tblMoldDesign MoldDesignID=820,,
909,JAE295-MDID-821,JAE-295,177,784,909,ACTIVE,3/10/2026,seed from tblMoldDesign MoldDesignID=821,,
910,JAE296-MDID-822,JAE-296,177,785,910,ACTIVE,3/10/2026,seed from tblMoldDesign MoldDesignID=822,,
911,JAE296D-MDID-823,JAE-296D,177,785,911,ACTIVE,3/10/2026,seed from tblMoldDesign MoldDesignID=823,,
912,JAE297-MDID-824,JAE-297,177,786,912,ACTIVE,3/10/2026,seed from tblMoldDesign MoldDesignID=824,,
913,JAE298-MDID-825,JAE-298,177,787,913,ACTIVE,3/10/2026,seed from tblMoldDesign MoldDesignID=825,,
914,JAE299-MDID-827,JAE-299,177,788,914,ACTIVE,3/10/2026,seed from tblMoldDesign MoldDesignID=827,,
915,JAE300-MDID-828,JAE-300,177,789,915,ACTIVE,3/10/2026,seed from tblMoldDesign MoldDesignID=828,,
916,JAE301-MDID-829,JAE-301,177,790,916,ACTIVE,3/10/2026,seed from tblMoldDesign MoldDesignID=829,,
917,JAE302R1-MDID-831,JAE-302 R1,177,791,917,ACTIVE,3/10/2026,seed from tblMoldDesign MoldDesignID=831,,
918,JAE303-MDID-833,JAE-303,177,792,918,ACTIVE,3/10/2026,seed from tblMoldDesign MoldDesignID=833,,
919,JAE304-MDID-834,JAE-304,177,793,919,ACTIVE,3/10/2026,seed from tblMoldDesign MoldDesignID=834,,
920,JAE305-MDID-835,JAE-305,177,794,920,ACTIVE,3/10/2026,seed from tblMoldDesign MoldDesignID=835,,
921,JAE306-MDID-837,JAE-306,177,795,921,ACTIVE,3/10/2026,seed from tblMoldDesign MoldDesignID=837,,
922,JAE307-MDID-838,JAE-307,177,796,922,ACTIVE,3/10/2026,seed from tblMoldDesign MoldDesignID=838,,
923,JAE308-MDID-839,JAE-308,177,797,923,ACTIVE,3/10/2026,seed from tblMoldDesign MoldDesignID=839,,
924,JAE309-MDID-840,JAE-309,177,798,924,ACTIVE,3/10/2026,seed from tblMoldDesign MoldDesignID=840,,
925,JAE310-MDID-841,JAE-310,177,799,925,ACTIVE,3/10/2026,seed from tblMoldDesign MoldDesignID=841,,
926,JAE311-MDID-842,JAE-311,177,800,926,ACTIVE,3/10/2026,seed from tblMoldDesign MoldDesignID=842,,
927,JAE312-MDID-843,JAE-312,177,801,927,ACTIVE,3/10/2026,seed from tblMoldDesign MoldDesignID=843,,
928,JAE313-MDID-845,JAE-313,177,802,928,ACTIVE,3/10/2026,seed from tblMoldDesign MoldDesignID=845,,
929,JAE314D-MDID-847,JAE-314D,177,803,929,ACTIVE,3/10/2026,seed from tblMoldDesign MoldDesignID=847,,
930,JAE314-MDID-848,JAE-314,177,803,930,ACTIVE,3/10/2026,seed from tblMoldDesign MoldDesignID=848,,
931,JAE315-MDID-850,JAE-315,177,804,931,ACTIVE,3/10/2026,seed from tblMoldDesign MoldDesignID=850,,
932,JAE316-MDID-851,JAE-316,177,805,932,ACTIVE,3/10/2026,seed from tblMoldDesign MoldDesignID=851,,
933,JAE317R1-MDID-852,JAE-317 R1,177,806,933,ACTIVE,3/10/2026,seed from tblMoldDesign MoldDesignID=852,,
934,JAE318-MDID-853,JAE-318,177,807,934,ACTIVE,3/10/2026,seed from tblMoldDesign MoldDesignID=853,,
935,JAE319-MDID-854,JAE-319,177,808,935,ACTIVE,3/10/2026,seed from tblMoldDesign MoldDesignID=854,,
936,JAE320-MDID-855,JAE-320,177,809,936,ACTIVE,3/10/2026,seed from tblMoldDesign MoldDesignID=855,,
937,JAE321-MDID-856,JAE-321,177,810,937,ACTIVE,3/10/2026,seed from tblMoldDesign MoldDesignID=856,,
938,JAE322R1-MDID-857,JAE-322 R1,177,811,938,ACTIVE,3/10/2026,seed from tblMoldDesign MoldDesignID=857,,
939,JAE323R2-MDID-859,JAE-323 R2,177,812,939,ACTIVE,3/10/2026,seed from tblMoldDesign MoldDesignID=859,,
940,JAE324-MDID-860,JAE-324,177,813,940,ACTIVE,8/20/2024,seed from tblMoldDesign MoldDesignID=860,,
941,JIC001-MDID-861,JIC-001,178,814,941,ACTIVE,3/10/2026,seed from tblMoldDesign MoldDesignID=861,,
942,JIC002-MDID-862,JIC-002,178,815,942,ACTIVE,3/10/2026,seed from tblMoldDesign MoldDesignID=862,,
943,JPS001-MDID-863,JPS-001,301,816,943,ACTIVE,3/10/2026,seed from tblMoldDesign MoldDesignID=863,,
944,JPS002-MDID-864,JPS-002,301,3934,944,ACTIVE,3/10/2026,seed from tblMoldDesign MoldDesignID=864,,
945,JR0-MDID-865,JR-0,179,3935,945,ACTIVE,3/10/2026,seed from tblMoldDesign MoldDesignID=865,,
946,JR1-MDID-866,JR-1,179,817,946,ACTIVE,3/10/2026,seed from tblMoldDesign MoldDesignID=866,,
947,JR2-MDID-867,JR-2,179,818,947,ACTIVE,3/10/2026,seed from tblMoldDesign MoldDesignID=867,,
948,K23-MDID-868,K-23,180,819,948,ACTIVE,3/10/2026,seed from tblMoldDesign MoldDesignID=868,,
949,K25-MDID-869,K-25,180,820,949,ACTIVE,3/10/2026,seed from tblMoldDesign MoldDesignID=869,,
950,K26-MDID-870,K-26,180,3936,950,ACTIVE,3/10/2026,seed from tblMoldDesign MoldDesignID=870,,
951,KAR001-MDID-871,KAR-001,181,821,951,ACTIVE,3/23/2015,seed from tblMoldDesign MoldDesignID=871,,
952,KBS001-MDID-872,KBS-001,182,822,952,ACTIVE,3/10/2026,seed from tblMoldDesign MoldDesignID=872,,
953,KBT001-MDID-873,KBT-001,311,823,953,ACTIVE,3/10/2026,seed from tblMoldDesign MoldDesignID=873,,
954,KBY001-MDID-874,KBY-001,183,824,954,ACTIVE,3/10/2026,seed from tblMoldDesign MoldDesignID=874,,
955,KDS017-MDID-875,KDS-017,248,825,955,ACTIVE,3/10/2026,seed from tblMoldDesign MoldDesignID=875,,
956,KDS023-MDID-876,KDS-023,248,826,956,ACTIVE,3/10/2026,seed from tblMoldDesign MoldDesignID=876,,
957,KDS024-MDID-877,KDS-024,248,827,957,ACTIVE,3/10/2026,seed from tblMoldDesign MoldDesignID=877,,
958,KDS026-MDID-878,KDS-026,248,3937,958,ACTIVE,3/10/2026,seed from tblMoldDesign MoldDesignID=878,,
959,KDS027-MDID-879,KDS-027,248,828,959,ACTIVE,3/10/2026,seed from tblMoldDesign MoldDesignID=879,,
960,KDS028-MDID-880,KDS-028,248,829,960,ACTIVE,3/10/2026,seed from tblMoldDesign MoldDesignID=880,,
961,KDS030-MDID-881,KDS-030,248,830,961,ACTIVE,3/10/2026,seed from tblMoldDesign MoldDesignID=881,,
962,KDS037-MDID-882,KDS-037,248,831,962,ACTIVE,3/10/2026,seed from tblMoldDesign MoldDesignID=882,,
963,KDS039-MDID-883,KDS-039,248,832,963,ACTIVE,3/10/2026,seed from tblMoldDesign MoldDesignID=883,,
964,KDS041-MDID-884,KDS-041,248,833,964,ACTIVE,3/10/2026,seed from tblMoldDesign MoldDesignID=884,,
965,KDS044-MDID-885,KDS-044,248,834,965,ACTIVE,10/20/2014,seed from tblMoldDesign MoldDesignID=885,,
966,KDS047-MDID-886,KDS-047,248,835,966,ACTIVE,10/20/2014,seed from tblMoldDesign MoldDesignID=886,,
967,KDS048-MDID-887,KDS-048,248,836,967,ACTIVE,10/20/2014,seed from tblMoldDesign MoldDesignID=887,,
968,KDS049-MDID-888,KDS-049,248,837,968,ACTIVE,10/20/2014,seed from tblMoldDesign MoldDesignID=888,,
969,KDS052-MDID-889,KDS-052,248,838,969,ACTIVE,10/20/2014,seed from tblMoldDesign MoldDesignID=889,,
970,KDS053-MDID-890,KDS-053,248,839,970,ACTIVE,10/20/2014,seed from tblMoldDesign MoldDesignID=890,,
971,KDS054-MDID-891,KDS-054,248,3938,971,ACTIVE,10/20/2014,seed from tblMoldDesign MoldDesignID=891,,
972,KDS055-MDID-892,KDS-055,248,3939,972,ACTIVE,10/20/2014,seed from tblMoldDesign MoldDesignID=892,,
973,KDS057-MDID-893,KDS-057,248,840,973,ACTIVE,10/20/2014,seed from tblMoldDesign MoldDesignID=893,,
974,KDS060-MDID-894,KDS-060,248,841,974,ACTIVE,10/20/2014,seed from tblMoldDesign MoldDesignID=894,,
975,KDS063-MDID-895,KDS-063,248,842,975,ACTIVE,10/20/2014,seed from tblMoldDesign MoldDesignID=895,,
976,KDS064-MDID-896,KDS-064,248,843,976,ACTIVE,10/20/2014,seed from tblMoldDesign MoldDesignID=896,,
977,KDS066-MDID-897,KDS-066,248,3940,977,ACTIVE,10/20/2014,seed from tblMoldDesign MoldDesignID=897,,
978,KDS067-MDID-898,KDS-067,248,844,978,ACTIVE,10/20/2014,seed from tblMoldDesign MoldDesignID=898,,
979,KDS068-MDID-899,KDS-068,248,845,979,ACTIVE,10/20/2014,seed from tblMoldDesign MoldDesignID=899,,
980,KDS069-MDID-900,KDS-069,248,846,980,ACTIVE,10/20/2014,seed from tblMoldDesign MoldDesignID=900,,
981,KDS070-MDID-901,KDS-070,248,3941,981,ACTIVE,10/20/2014,seed from tblMoldDesign MoldDesignID=901,,
982,KDS071-MDID-902,KDS-071,248,847,982,ACTIVE,10/20/2014,seed from tblMoldDesign MoldDesignID=902,,
983,KDS073-MDID-903,KDS-073,248,848,983,ACTIVE,12/18/2015,seed from tblMoldDesign MoldDesignID=903,,
984,KDS074-MDID-904,KDS-074,248,849,984,ACTIVE,6/27/2016,seed from tblMoldDesign MoldDesignID=904,,
985,KDS075-MDID-905,KDS-075,248,850,985,ACTIVE,6/22/2016,seed from tblMoldDesign MoldDesignID=905,,
986,KDS079-MDID-906,KDS-079,248,851,986,ACTIVE,3/28/2016,seed from tblMoldDesign MoldDesignID=906,,
987,KDS080-MDID-907,KDS-080,248,852,987,ACTIVE,3/28/2016,seed from tblMoldDesign MoldDesignID=907,,
988,KDS081-MDID-908,KDS-081,248,853,988,ACTIVE,3/30/2016,seed from tblMoldDesign MoldDesignID=908,,
989,KDS087-MDID-909,KDS-087,248,854,989,ACTIVE,11/17/2016,seed from tblMoldDesign MoldDesignID=909,,
990,KDS088-MDID-910,KDS-088,248,855,990,ACTIVE,11/18/2016,seed from tblMoldDesign MoldDesignID=910,,
991,KDS089-MDID-911,KDS-089,248,856,991,ACTIVE,11/15/2016,seed from tblMoldDesign MoldDesignID=911,,
992,KDS091-MDID-912,KDS-091,248,857,992,ACTIVE,2/10/2017,seed from tblMoldDesign MoldDesignID=912,,
993,KDS092-MDID-913,KDS-092,248,858,993,ACTIVE,3/10/2026,seed from tblMoldDesign MoldDesignID=913,,
994,KDS093-MDID-914,KDS-093,248,859,994,ACTIVE,5/1/2017,seed from tblMoldDesign MoldDesignID=914,,
995,KDS094-MDID-915,KDS-094,248,860,995,ACTIVE,5/22/2017,seed from tblMoldDesign MoldDesignID=915,,
996,KDS095-MDID-916,KDS-095,248,861,996,ACTIVE,5/22/2017,seed from tblMoldDesign MoldDesignID=916,,
997,KDS096-MDID-917,KDS-096,248,862,997,ACTIVE,12/7/2017,seed from tblMoldDesign MoldDesignID=917,,
998,KDS098-MDID-918,KDS-098,248,863,998,ACTIVE,3/15/2018,seed from tblMoldDesign MoldDesignID=918,,
999,KDS100-MDID-919,KDS-100,248,864,999,ACTIVE,5/24/2019,seed from tblMoldDesign MoldDesignID=919,,
1000,KDS101-MDID-920,KDS-101,248,865,1000,ACTIVE,5/27/2019,seed from tblMoldDesign MoldDesignID=920,,
1001,KDS102-MDID-921,KDS-102,248,866,1001,ACTIVE,5/30/2019,seed from tblMoldDesign MoldDesignID=921,,
1002,KDS103-MDID-922,KDS-103,248,867,1002,ACTIVE,5/30/2019,seed from tblMoldDesign MoldDesignID=922,,
1003,KDS104-MDID-923,KDS-104,248,2954,1003,ACTIVE,6/3/2019,seed from tblMoldDesign MoldDesignID=923,,
1004,KDS105-MDID-924,KDS-105,248,868,1004,ACTIVE,7/29/2019,seed from tblMoldDesign MoldDesignID=924,,
1005,KDS106-MDID-925,KDS-106,248,869,1005,ACTIVE,8/5/2019,seed from tblMoldDesign MoldDesignID=925,,
1006,KDS107-MDID-926,KDS-107,248,870,1006,ACTIVE,8/5/2019,seed from tblMoldDesign MoldDesignID=926,,
1007,KDS108-MDID-927,KDS-108,248,871,1007,ACTIVE,9/18/2019,seed from tblMoldDesign MoldDesignID=927,,
1008,KDS109-MDID-928,KDS-109,248,872,1008,ACTIVE,10/2/2019,seed from tblMoldDesign MoldDesignID=928,,
1009,KDS110-MDID-929,KDS-110,248,873,1009,ACTIVE,11/19/2019,seed from tblMoldDesign MoldDesignID=929,,
1010,KDS111-MDID-930,KDS-111,248,874,1010,ACTIVE,11/18/2019,seed from tblMoldDesign MoldDesignID=930,,
1011,KDS112-MDID-931,KDS-112,248,875,1011,ACTIVE,11/11/2019,seed from tblMoldDesign MoldDesignID=931,,
1012,KDS113-MDID-932,KDS-113,248,876,1012,ACTIVE,2/20/2020,seed from tblMoldDesign MoldDesignID=932,,
1013,KDS114-MDID-933,KDS-114,248,877,1013,ACTIVE,3/3/2020,seed from tblMoldDesign MoldDesignID=933,,
1014,KDS115-MDID-934,KDS-115,248,878,1014,ACTIVE,4/1/2020,seed from tblMoldDesign MoldDesignID=934,,
1015,KDS116-MDID-935,KDS-116,248,879,1015,ACTIVE,7/8/2020,seed from tblMoldDesign MoldDesignID=935,,
1016,KDS118-MDID-936,KDS-118,248,880,1016,ACTIVE,7/31/2020,seed from tblMoldDesign MoldDesignID=936,,
1017,KDS119-MDID-937,KDS-119,248,881,1017,ACTIVE,10/26/2020,seed from tblMoldDesign MoldDesignID=937,,
1018,KDS120-MDID-938,KDS-120,248,882,1018,ACTIVE,11/6/2020,seed from tblMoldDesign MoldDesignID=938,,
1019,KDS122-MDID-939,KDS-122,248,883,1019,ACTIVE,12/4/2020,seed from tblMoldDesign MoldDesignID=939,,
1020,KDS123-MDID-940,KDS-123,248,884,1020,ACTIVE,12/5/2020,seed from tblMoldDesign MoldDesignID=940,,
1021,KDS125-MDID-941,KDS-125,248,885,1021,ACTIVE,3/4/2021,seed from tblMoldDesign MoldDesignID=941,,
1022,KDS126-MDID-942,KDS-126,248,886,1022,ACTIVE,3/10/2026,seed from tblMoldDesign MoldDesignID=942,,
1023,KDS127-MDID-943,KDS-127,248,887,1023,ACTIVE,3/10/2026,seed from tblMoldDesign MoldDesignID=943,,
1024,KDS129-MDID-944,KDS-129,248,888,1024,ACTIVE,3/10/2026,seed from tblMoldDesign MoldDesignID=944,,
1025,KDS130-MDID-945,KDS-130,248,889,1025,ACTIVE,3/10/2026,seed from tblMoldDesign MoldDesignID=945,,
1026,KDS131-MDID-946,KDS-131,248,890,1026,ACTIVE,3/10/2026,seed from tblMoldDesign MoldDesignID=946,,
1027,KDS132-MDID-947,KDS-132,248,891,1027,ACTIVE,3/10/2026,seed from tblMoldDesign MoldDesignID=947,,
1028,KDS133-MDID-948,KDS-133,248,892,1028,ACTIVE,3/10/2026,seed from tblMoldDesign MoldDesignID=948,,
1029,KDS134-MDID-949,KDS-134,248,893,1029,ACTIVE,3/10/2026,seed from tblMoldDesign MoldDesignID=949,,
1030,KDS135-MDID-950,KDS-135,248,894,1030,ACTIVE,3/10/2026,seed from tblMoldDesign MoldDesignID=950,,
1031,KDS136-MDID-951,KDS-136,248,895,1031,ACTIVE,3/10/2026,seed from tblMoldDesign MoldDesignID=951,,
1032,KDS138-MDID-952,KDS-138,248,896,1032,ACTIVE,3/10/2026,seed from tblMoldDesign MoldDesignID=952,,
1033,KDS139-MDID-953,KDS-139,248,897,1033,ACTIVE,3/10/2026,seed from tblMoldDesign MoldDesignID=953,,
1034,KDS140-MDID-954,KDS-140,248,898,1034,ACTIVE,3/10/2026,seed from tblMoldDesign MoldDesignID=954,,
1035,KDS141D-MDID-956,KDS-141D,248,899,1035,ACTIVE,3/10/2026,seed from tblMoldDesign MoldDesignID=956,,
1036,KDS141-MDID-957,KDS-141,248,899,1036,ACTIVE,3/10/2026,seed from tblMoldDesign MoldDesignID=957,,
1037,KES001-MDID-958,KES-001,184,900,1037,ACTIVE,3/17/2021,seed from tblMoldDesign MoldDesignID=958,,
1038,KGM001-MDID-959,KGM-001,185,901,1038,ACTIVE,10/20/2014,seed from tblMoldDesign MoldDesignID=959,,
1039,KGM002-MDID-960,KGM-002,185,902,1039,ACTIVE,3/29/2017,seed from tblMoldDesign MoldDesignID=960,,
1040,KGM003-MDID-961,KGM-003,185,903,1040,ACTIVE,10/20/2014,seed from tblMoldDesign MoldDesignID=961,,
1041,KGM004-MDID-962,KGM-004,185,904,1041,ACTIVE,10/20/2014,seed from tblMoldDesign MoldDesignID=962,,
1042,KGM005-MDID-963,KGM-005,185,905,1042,ACTIVE,3/10/2026,seed from tblMoldDesign MoldDesignID=963,,
1043,KGM006-MDID-964,KGM-006,185,906,1043,ACTIVE,12/10/2015,seed from tblMoldDesign MoldDesignID=964,,
1044,KGM007-MDID-965,KGM-007,185,907,1044,ACTIVE,9/22/2017,seed from tblMoldDesign MoldDesignID=965,,
1045,KGP001-MDID-966,KGP-001,186,908,1045,ACTIVE,11/21/2019,seed from tblMoldDesign MoldDesignID=966,,
1046,KGP001210x160-MDID-967,KGP-001 210x160,186,908,1046,ACTIVE,3/10/2026,seed from tblMoldDesign MoldDesignID=967,,
1047,KIK001-MDID-968,KIK-001,291,3942,1047,ACTIVE,9/21/2016,seed from tblMoldDesign MoldDesignID=968,,
1048,KIK002T-MDID-969,KIK-002T,291,3943,1048,ACTIVE,3/10/2026,seed from tblMoldDesign MoldDesignID=969,,
1049,KIK003B-MDID-970,KIK-003B,291,3944,1049,ACTIVE,11/26/2016,seed from tblMoldDesign MoldDesignID=970,,
1050,KIK003Bxx-MDID-971,KIK-003Bxx,291,3944,1050,ACTIVE,3/10/2026,seed from tblMoldDesign MoldDesignID=971,,
1051,KIK003T-MDID-972,KIK-003T,291,3944,1051,ACTIVE,11/24/2016,seed from tblMoldDesign MoldDesignID=972,,
1052,KIK003Txx-MDID-973,KIK-003Txx,291,3944,1052,ACTIVE,3/10/2026,seed from tblMoldDesign MoldDesignID=973,,
1053,KIK004B-MDID-974,KIK-004B,291,3947,1053,ACTIVE,2/19/2018,seed from tblMoldDesign MoldDesignID=974,,
1054,KIK004T-MDID-975,KIK-004T,291,3947,1054,ACTIVE,2/19/2018,seed from tblMoldDesign MoldDesignID=975,,
1055,KIK005-MDID-976,KIK-005D,291,911,1055,ACTIVE,12/17/2018,seed from tblMoldDesign MoldDesignID=976,,
1056,KIK005B-MDID-977,KIK-005B,291,911,1056,ACTIVE,5/24/2019,seed from tblMoldDesign MoldDesignID=977,,
1057,KIK005T-MDID-978,KIK-005T,291,911,1057,ACTIVE,5/24/2019,seed from tblMoldDesign MoldDesignID=978,,
1058,KIK501-MDID-979,KIK-501,291,3949,1058,ACTIVE,10/30/2025,seed from tblMoldDesign MoldDesignID=979,,
1059,KJK001-MDID-980,KJK-001,336,3950,1059,ACTIVE,4/6/2020,seed from tblMoldDesign MoldDesignID=980,,
1060,KKC001-MDID-981,KKC-001,283,914,1060,ACTIVE,10/20/2014,seed from tblMoldDesign MoldDesignID=981,,
1061,KKC002-MDID-982,KKC-002,283,915,1061,ACTIVE,10/20/2014,seed from tblMoldDesign MoldDesignID=982,,
1062,KKC002新-MDID-983,KKC-002新,283,915,1062,ACTIVE,3/10/2026,seed from tblMoldDesign MoldDesignID=983,,
1063,KKG001-MDID-984,KKG-001,187,916,1063,ACTIVE,10/20/2014,seed from tblMoldDesign MoldDesignID=984,,
1064,KKG002-MDID-985,KKG-002,187,917,1064,ACTIVE,3/10/2026,seed from tblMoldDesign MoldDesignID=985,,
1065,KKG003-MDID-986,KKG-003,187,918,1065,ACTIVE,3/10/2026,seed from tblMoldDesign MoldDesignID=986,,
1066,KLE001-MDID-987,KLE-001,188,919,1066,ACTIVE,10/20/2014,seed from tblMoldDesign MoldDesignID=987,,
1067,KMR001-MDID-988,KMR-001,304,920,1067,ACTIVE,12/17/2020,seed from tblMoldDesign MoldDesignID=988,,
1068,KMR002-MDID-989,KMR-002,304,921,1068,ACTIVE,9/15/2022,seed from tblMoldDesign MoldDesignID=989,,
1069,KMX001-MDID-990,KMX-001,189,922,1069,ACTIVE,10/20/2014,seed from tblMoldDesign MoldDesignID=990,,
1070,KMX002-MDID-991,KMX-002,189,923,1070,ACTIVE,10/20/2014,seed from tblMoldDesign MoldDesignID=991,,
1071,KMX003-MDID-992,KMX-003,189,924,1071,ACTIVE,10/20/2014,seed from tblMoldDesign MoldDesignID=992,,
1072,KMX004R-MDID-993,KMX-004R,189,925,1072,ACTIVE,10/20/2014,seed from tblMoldDesign MoldDesignID=993,,
1073,KMX005-MDID-994,KMX-005,189,926,1073,ACTIVE,10/20/2014,seed from tblMoldDesign MoldDesignID=994,,
1074,KMX006-MDID-995,KMX-006,189,927,1074,ACTIVE,10/20/2014,seed from tblMoldDesign MoldDesignID=995,,
1075,KNC001-MDID-996,KNC-001,306,928,1075,ACTIVE,3/10/2026,seed from tblMoldDesign MoldDesignID=996,,
1076,KND004-MDID-997,KND-004,190,929,1076,ACTIVE,10/20/2014,seed from tblMoldDesign MoldDesignID=997,,
1077,KND005-MDID-998,KND-005,190,930,1077,ACTIVE,10/20/2014,seed from tblMoldDesign MoldDesignID=998,,
1078,KND006-MDID-999,KND-006,190,931,1078,ACTIVE,12/25/2014,seed from tblMoldDesign MoldDesignID=999,,
1079,KND008-MDID-1000,KND-008,190,932,1079,ACTIVE,3/9/2015,seed from tblMoldDesign MoldDesignID=1000,,
1080,KND009-MDID-1001,KND-009,190,933,1080,ACTIVE,3/10/2026,seed from tblMoldDesign MoldDesignID=1001,,
1081,KND010-MDID-1002,KND-010,190,934,1081,ACTIVE,4/9/2016,seed from tblMoldDesign MoldDesignID=1002,,
1082,KND011-MDID-1003,KND-011,190,935,1082,ACTIVE,1/31/2018,seed from tblMoldDesign MoldDesignID=1003,,
1083,KND013-MDID-1004,KND-013,190,936,1083,ACTIVE,4/10/2018,seed from tblMoldDesign MoldDesignID=1004,,
1084,KND014-MDID-1005,KND-014,190,937,1084,ACTIVE,4/27/2018,seed from tblMoldDesign MoldDesignID=1005,,
1085,KOG001-MDID-1006,KOG-001,191,938,1085,ACTIVE,10/20/2014,seed from tblMoldDesign MoldDesignID=1006,,
1086,KOG002-MDID-1007,KOG-002,191,939,1086,ACTIVE,6/25/2015,seed from tblMoldDesign MoldDesignID=1007,,
1087,KOH002（HOH002）-MDID-1008,KOH-002　（HOH-002）,192,940,1087,ACTIVE,3/10/2026,seed from tblMoldDesign MoldDesignID=1008,,
1088,KOK-MDID-1009,KOK,193,3952,1088,ACTIVE,3/10/2026,seed from tblMoldDesign MoldDesignID=1009,,
1089,KOK001-MDID-1010,KOK-001,193,941,1089,ACTIVE,3/10/2026,seed from tblMoldDesign MoldDesignID=1010,,
1090,KOK010-MDID-1011,KOK-010,193,942,1090,ACTIVE,3/10/2026,seed from tblMoldDesign MoldDesignID=1011,,
1091,KOR010-MDID-1012,KOR-010,294,943,1091,ACTIVE,3/10/2026,seed from tblMoldDesign MoldDesignID=1012,,
1092,KORYOKR010-MDID-1013,KORYO KR-010,194,944,1092,ACTIVE,3/10/2026,seed from tblMoldDesign MoldDesignID=1013,,
1093,KOS001-MDID-1014,KOS-001,195,945,1093,ACTIVE,10/20/2014,seed from tblMoldDesign MoldDesignID=1014,,
1094,KOS002-MDID-1015,KOS-002,195,946,1094,ACTIVE,11/4/2015,seed from tblMoldDesign MoldDesignID=1015,,
1095,KOS003-MDID-1016,KOS-003,195,947,1095,ACTIVE,5/27/2016,seed from tblMoldDesign MoldDesignID=1016,,
1096,KOS005-MDID-1017,KOS-005,195,948,1096,ACTIVE,4/11/2018,seed from tblMoldDesign MoldDesignID=1017,,
1097,KOS006-MDID-1018,KOS-006,195,949,1097,ACTIVE,8/28/2020,seed from tblMoldDesign MoldDesignID=1018,,
1098,KOS007-MDID-1019,KOS-007,195,950,1098,ACTIVE,1/13/2021,seed from tblMoldDesign MoldDesignID=1019,,
1099,KOS008-MDID-1020,KOS-008,195,951,1099,ACTIVE,6/2/2021,seed from tblMoldDesign MoldDesignID=1020,,
1100,KOS009-MDID-1021,KOS-009,195,952,1100,ACTIVE,8/7/2021,seed from tblMoldDesign MoldDesignID=1021,,
1101,KOS010-MDID-1022,KOS-010,195,953,1101,ACTIVE,8/7/2021,seed from tblMoldDesign MoldDesignID=1022,,
1102,KOS011-MDID-1023,KOS-011,195,954,1102,ACTIVE,3/10/2026,seed from tblMoldDesign MoldDesignID=1023,,
1103,KOS012-MDID-1024,KOS-012,195,955,1103,ACTIVE,3/10/2026,seed from tblMoldDesign MoldDesignID=1024,,
1104,KOS013-MDID-1025,KOS-013,195,956,1104,ACTIVE,3/10/2026,seed from tblMoldDesign MoldDesignID=1025,,
1105,KOS014-MDID-1026,KOS-014,195,957,1105,ACTIVE,3/10/2026,seed from tblMoldDesign MoldDesignID=1026,,
1106,KOS015-MDID-1028,KOS-015,195,958,1106,ACTIVE,3/10/2026,seed from tblMoldDesign MoldDesignID=1028,,
1107,KOS016-MDID-1029,KOS-016,195,959,1107,ACTIVE,3/10/2026,seed from tblMoldDesign MoldDesignID=1029,,
1108,KOS016R1-MDID-1030,KOS-016 R1,195,959,1108,ACTIVE,3/10/2026,seed from tblMoldDesign MoldDesignID=1030,,
1109,KOS016R3-MDID-1031,KOS-016 R3,195,959,1109,ACTIVE,3/10/2026,seed from tblMoldDesign MoldDesignID=1031,,
1110,KOS017-MDID-1032,KOS-017,195,960,1110,ACTIVE,3/10/2026,seed from tblMoldDesign MoldDesignID=1032,,
1111,KR001-MDID-1033,KR-001,320,961,1111,ACTIVE,9/20/2017,seed from tblMoldDesign MoldDesignID=1033,,
1112,KR010(KORYO)-MDID-1034,KR-010 (KORYO),320,962,1112,ACTIVE,3/10/2026,seed from tblMoldDesign MoldDesignID=1034,,
1113,KRE001-MDID-1035,KRE-001,196,963,1113,ACTIVE,3/10/2026,seed from tblMoldDesign MoldDesignID=1035,,
1114,KRE008-MDID-1036,KRE-008,196,3953,1114,ACTIVE,3/10/2026,seed from tblMoldDesign MoldDesignID=1036,,
1115,KRE009-MDID-1037,KRE-009,196,3954,1115,ACTIVE,3/10/2026,seed from tblMoldDesign MoldDesignID=1037,,
1116,KRE010-MDID-1038,KRE-010,196,964,1116,ACTIVE,3/10/2026,seed from tblMoldDesign MoldDesignID=1038,,
1117,KRE012-MDID-1039,KRE-012,196,3955,1117,ACTIVE,3/10/2026,seed from tblMoldDesign MoldDesignID=1039,,
1118,KRE014-MDID-1040,KRE-014,196,3956,1118,ACTIVE,3/10/2026,seed from tblMoldDesign MoldDesignID=1040,,
1119,KRE015-MDID-1041,KRE-015,196,3957,1119,ACTIVE,3/10/2026,seed from tblMoldDesign MoldDesignID=1041,,
1120,KRE016-MDID-1042,KRE-016,196,965,1120,ACTIVE,3/10/2026,seed from tblMoldDesign MoldDesignID=1042,,
1121,KRE018-MDID-1043,KRE-018,196,966,1121,ACTIVE,3/10/2026,seed from tblMoldDesign MoldDesignID=1043,,
1122,KRE019-MDID-1044,KRE-019,196,3958,1122,ACTIVE,3/10/2026,seed from tblMoldDesign MoldDesignID=1044,,
1123,KRE020-MDID-1045,KRE-020,196,3959,1123,ACTIVE,3/10/2026,seed from tblMoldDesign MoldDesignID=1045,,
1124,KRE021-MDID-1046,KRE-021,196,967,1124,ACTIVE,3/10/2026,seed from tblMoldDesign MoldDesignID=1046,,
1125,KRE023-MDID-1047,KRE-023,196,968,1125,ACTIVE,3/10/2026,seed from tblMoldDesign MoldDesignID=1047,,
1126,KRE024-MDID-1048,KRE-024,196,969,1126,ACTIVE,3/10/2026,seed from tblMoldDesign MoldDesignID=1048,,
1127,KRE026-MDID-1049,KRE-026,196,970,1127,ACTIVE,3/10/2026,seed from tblMoldDesign MoldDesignID=1049,,
1128,KRE027-MDID-1050,KRE-027,196,971,1128,ACTIVE,3/10/2026,seed from tblMoldDesign MoldDesignID=1050,,
1129,KRE028-MDID-1051,KRE-028,196,972,1129,ACTIVE,3/10/2026,seed from tblMoldDesign MoldDesignID=1051,,
1130,KRE029-MDID-1052,KRE-029,196,973,1130,ACTIVE,3/10/2026,seed from tblMoldDesign MoldDesignID=1052,,
1131,KRE03-MDID-1053,KRE-03,196,974,1131,ACTIVE,3/10/2026,seed from tblMoldDesign MoldDesignID=1053,,
1132,KRE031-MDID-1054,KRE-031,196,3960,1132,ACTIVE,3/10/2026,seed from tblMoldDesign MoldDesignID=1054,,
1133,KRE032-MDID-1055,KRE-032,196,975,1133,ACTIVE,3/10/2026,seed from tblMoldDesign MoldDesignID=1055,,
1134,KRE033-MDID-1056,KRE-033,196,976,1134,ACTIVE,3/10/2026,seed from tblMoldDesign MoldDesignID=1056,,
1135,KRE034-MDID-1057,KRE-034,196,977,1135,ACTIVE,3/10/2026,seed from tblMoldDesign MoldDesignID=1057,,
1136,KRE035-MDID-1058,KRE-035,196,978,1136,ACTIVE,3/10/2026,seed from tblMoldDesign MoldDesignID=1058,,
1137,KRE036-MDID-1059,KRE-036,196,979,1137,ACTIVE,3/10/2026,seed from tblMoldDesign MoldDesignID=1059,,
1138,KRE037-MDID-1060,KRE-037,196,980,1138,ACTIVE,3/10/2026,seed from tblMoldDesign MoldDesignID=1060,,
1139,KRE037T-MDID-1061,KRE-037T,196,980,1139,ACTIVE,3/10/2026,seed from tblMoldDesign MoldDesignID=1061,,
1140,KRE038-MDID-1062,KRE-038,196,982,1140,ACTIVE,3/10/2026,seed from tblMoldDesign MoldDesignID=1062,,
1141,KRE038R-MDID-1063,KRE-038R,196,982,1141,ACTIVE,3/10/2026,seed from tblMoldDesign MoldDesignID=1063,,
1142,KRE039-MDID-1064,KRE-039,196,984,1142,ACTIVE,3/10/2026,seed from tblMoldDesign MoldDesignID=1064,,
1143,KRE043-MDID-1065,KRE-043,196,985,1143,ACTIVE,3/10/2026,seed from tblMoldDesign MoldDesignID=1065,,
1144,KRE044-MDID-1066,KRE-044,196,986,1144,ACTIVE,3/10/2026,seed from tblMoldDesign MoldDesignID=1066,,
1145,KRE045-MDID-1067,KRE-045,196,3961,1145,ACTIVE,3/10/2026,seed from tblMoldDesign MoldDesignID=1067,,
1146,KRE049-MDID-1068,KRE-049,196,987,1146,ACTIVE,3/10/2026,seed from tblMoldDesign MoldDesignID=1068,,
1147,KSC001-MDID-1069,KSC-001,197,988,1147,ACTIVE,10/5/2016,seed from tblMoldDesign MoldDesignID=1069,,
1148,KSC002-MDID-1070,KSC-002,197,989,1148,ACTIVE,12/14/2018,seed from tblMoldDesign MoldDesignID=1070,,
1149,KSC003-MDID-1071,KSC-003,197,990,1149,ACTIVE,2/7/2020,seed from tblMoldDesign MoldDesignID=1071,,
1150,KSE-MDID-1072,KSE,198,3962,1150,ACTIVE,10/20/2014,seed from tblMoldDesign MoldDesignID=1072,,
1151,KSE（湾）-MDID-1073,KSE（湾）,198,3962,1151,ACTIVE,3/10/2026,seed from tblMoldDesign MoldDesignID=1073,,
1152,KSE002-MDID-1074,KSE-002,198,991,1152,ACTIVE,3/10/2026,seed from tblMoldDesign MoldDesignID=1074,,
1153,KSE005-MDID-1075,KSE-005,198,992,1153,ACTIVE,3/10/2026,seed from tblMoldDesign MoldDesignID=1075,,
1154,KSE006-MDID-1076,KSE-006,198,993,1154,ACTIVE,3/10/2026,seed from tblMoldDesign MoldDesignID=1076,,
1155,KSE007-MDID-1077,KSE-007,198,994,1155,ACTIVE,3/10/2026,seed from tblMoldDesign MoldDesignID=1077,,
1156,KSE009-MDID-1078,KSE-009,198,3963,1156,ACTIVE,3/10/2026,seed from tblMoldDesign MoldDesignID=1078,,
1157,KSE010-MDID-1079,KSE-010,198,995,1157,ACTIVE,3/10/2026,seed from tblMoldDesign MoldDesignID=1079,,
1158,KSE015-MDID-1080,KSE-015,198,996,1158,ACTIVE,10/20/2014,seed from tblMoldDesign MoldDesignID=1080,,
1159,KSE016-MDID-1081,KSE-016,198,3964,1159,ACTIVE,10/20/2014,seed from tblMoldDesign MoldDesignID=1081,,
1160,KSE016R-MDID-1082,KSE-016 R,198,3964,1160,ACTIVE,10/20/2014,seed from tblMoldDesign MoldDesignID=1082,,
1161,KSE018-MDID-1083,KSE-018,198,3966,1161,ACTIVE,10/20/2014,seed from tblMoldDesign MoldDesignID=1083,,
1162,KSE020-MDID-1084,KSE-020,198,997,1162,ACTIVE,10/20/2014,seed from tblMoldDesign MoldDesignID=1084,,
1163,KSE021-MDID-1085,KSE-021,198,998,1163,ACTIVE,10/20/2014,seed from tblMoldDesign MoldDesignID=1085,,
1164,KSE021BT-MDID-1086,KSE-021BT,198,998,1164,ACTIVE,3/10/2026,seed from tblMoldDesign MoldDesignID=1086,,
1165,KSE022-MDID-1087,KSE-022,198,3967,1165,ACTIVE,10/20/2014,seed from tblMoldDesign MoldDesignID=1087,,
1166,KSE022R-MDID-1088,KSE-022R,198,3967,1166,ACTIVE,3/10/2026,seed from tblMoldDesign MoldDesignID=1088,,
1167,KSE023-MDID-1089,KSE-023,198,1001,1167,ACTIVE,10/20/2014,seed from tblMoldDesign MoldDesignID=1089,,
1168,KSED-MDID-1090,KSE-D,198,3962,1168,ACTIVE,3/10/2026,seed from tblMoldDesign MoldDesignID=1090,,
1169,KSET-MDID-1091,KSE-T,198,3962,1169,ACTIVE,3/10/2026,seed from tblMoldDesign MoldDesignID=1091,,
1170,KSEフタ-MDID-1092,KSE-フタ,198,3962,1170,ACTIVE,3/10/2026,seed from tblMoldDesign MoldDesignID=1092,,
1171,KSE台湾機-MDID-1093,KSE-台湾機,198,3962,1171,ACTIVE,3/10/2026,seed from tblMoldDesign MoldDesignID=1093,,
1172,KSK004-MDID-1094,KSK-004,312,1004,1172,ACTIVE,3/10/2026,seed from tblMoldDesign MoldDesignID=1094,,
1173,KSP002-MDID-1095,KSP-002,199,3970,1173,ACTIVE,3/10/2026,seed from tblMoldDesign MoldDesignID=1095,,
1174,KSP005-MDID-1096,KSP-005,199,3971,1174,ACTIVE,3/10/2026,seed from tblMoldDesign MoldDesignID=1096,,
1175,KSP006-MDID-1097,KSP-006,199,3972,1175,ACTIVE,3/10/2026,seed from tblMoldDesign MoldDesignID=1097,,
1176,KSP009-MDID-1098,KSP-009,199,3973,1176,ACTIVE,3/10/2026,seed from tblMoldDesign MoldDesignID=1098,,
1177,KSP010-MDID-1099,KSP-010,199,1005,1177,ACTIVE,3/10/2026,seed from tblMoldDesign MoldDesignID=1099,,
1178,KSP011-MDID-1100,KSP-011,199,1006,1178,ACTIVE,3/10/2026,seed from tblMoldDesign MoldDesignID=1100,,
1179,KSP012-MDID-1101,KSP-012,199,1007,1179,ACTIVE,3/10/2026,seed from tblMoldDesign MoldDesignID=1101,,
1180,KSP013-MDID-1102,KSP-013,199,1008,1180,ACTIVE,3/10/2026,seed from tblMoldDesign MoldDesignID=1102,,
1181,KSP014-MDID-1103,KSP-014,199,1009,1181,ACTIVE,3/10/2026,seed from tblMoldDesign MoldDesignID=1103,,
1182,KSP015-MDID-1104,KSP-015,199,1010,1182,ACTIVE,6/19/2018,seed from tblMoldDesign MoldDesignID=1104,,
1183,KSP016-MDID-1105,KSP-016,199,1011,1183,ACTIVE,3/10/2026,seed from tblMoldDesign MoldDesignID=1105,,
1184,KSP017-MDID-1106,KSP-017,199,1012,1184,ACTIVE,3/10/2026,seed from tblMoldDesign MoldDesignID=1106,,
1185,KSP018-MDID-1107,KSP-018,199,1013,1185,ACTIVE,3/10/2026,seed from tblMoldDesign MoldDesignID=1107,,
1186,KSP019-MDID-1108,KSP-019,199,1014,1186,ACTIVE,3/10/2026,seed from tblMoldDesign MoldDesignID=1108,,
1187,KSP020-MDID-1109,KSP-020,199,1015,1187,ACTIVE,3/10/2026,seed from tblMoldDesign MoldDesignID=1109,,
1188,KSP020右-MDID-1110,KSP-020右,199,1015,1188,ACTIVE,3/10/2026,seed from tblMoldDesign MoldDesignID=1110,,
1189,KSP020左-MDID-1111,KSP-020左,199,1015,1189,ACTIVE,3/10/2026,seed from tblMoldDesign MoldDesignID=1111,,
1190,KSP021-MDID-1112,KSP-021,199,1016,1190,ACTIVE,3/10/2026,seed from tblMoldDesign MoldDesignID=1112,,
1191,KSP022-MDID-1113,KSP-022,199,1017,1191,ACTIVE,3/10/2026,seed from tblMoldDesign MoldDesignID=1113,,
1192,KSP023-MDID-1114,KSP-023,199,1018,1192,ACTIVE,3/10/2026,seed from tblMoldDesign MoldDesignID=1114,,
1193,KSP024-MDID-1115,KSP-024,199,1019,1193,ACTIVE,3/10/2026,seed from tblMoldDesign MoldDesignID=1115,,
1194,KSP025-MDID-1116,KSP-025,199,1020,1194,ACTIVE,3/10/2026,seed from tblMoldDesign MoldDesignID=1116,,
1195,KSP026-MDID-1117,KSP-026,199,1021,1195,ACTIVE,3/10/2026,seed from tblMoldDesign MoldDesignID=1117,,
1196,KSP026右-MDID-1118,KSP-026右,199,1021,1196,ACTIVE,3/10/2026,seed from tblMoldDesign MoldDesignID=1118,,
1197,KSP026左-MDID-1119,KSP-026左,199,1021,1197,ACTIVE,3/10/2026,seed from tblMoldDesign MoldDesignID=1119,,
1198,KSP027-MDID-1120,KSP-027,199,1022,1198,ACTIVE,3/10/2026,seed from tblMoldDesign MoldDesignID=1120,,
1199,KSP029-MDID-1121,KSP-029,199,1023,1199,ACTIVE,3/10/2026,seed from tblMoldDesign MoldDesignID=1121,,
1200,KSP030-MDID-1122,KSP-030,199,1024,1200,ACTIVE,3/10/2026,seed from tblMoldDesign MoldDesignID=1122,,
1201,KSP031-MDID-1123,KSP-031,199,1025,1201,ACTIVE,3/10/2026,seed from tblMoldDesign MoldDesignID=1123,,
1202,KSP032-MDID-1124,KSP-032,199,1026,1202,ACTIVE,3/10/2026,seed from tblMoldDesign MoldDesignID=1124,,
1203,KSP033-MDID-1125,KSP-033,199,1027,1203,ACTIVE,3/10/2026,seed from tblMoldDesign MoldDesignID=1125,,
1204,KSP034-MDID-1126,KSP-034,199,1028,1204,ACTIVE,3/10/2026,seed from tblMoldDesign MoldDesignID=1126,,
1205,KSP035-MDID-1127,KSP-035,199,1029,1205,ACTIVE,3/10/2026,seed from tblMoldDesign MoldDesignID=1127,,
1206,KSP036-MDID-1128,KSP-036,199,1030,1206,ACTIVE,3/10/2026,seed from tblMoldDesign MoldDesignID=1128,,
1207,KSP037AB-MDID-1129,KSP-037AB,199,3978,1207,ACTIVE,3/10/2026,seed from tblMoldDesign MoldDesignID=1129,,
1208,KSP038AB-MDID-1130,KSP-038AB,199,3979,1208,ACTIVE,3/10/2026,seed from tblMoldDesign MoldDesignID=1130,,
1209,KSP040-MDID-1131,KSP-040,199,3980,1209,ACTIVE,3/10/2026,seed from tblMoldDesign MoldDesignID=1131,,
1210,KSP041-MDID-1132,KSP-041,199,3981,1210,ACTIVE,3/10/2026,seed from tblMoldDesign MoldDesignID=1132,,
1211,KSP042-MDID-1133,KSP-042,199,3982,1211,ACTIVE,3/10/2026,seed from tblMoldDesign MoldDesignID=1133,,
1212,KSP043-MDID-1134,KSP-043,199,3983,1212,ACTIVE,3/10/2026,seed from tblMoldDesign MoldDesignID=1134,,
1213,KSP044-MDID-1135,KSP-044,199,3984,1213,ACTIVE,3/10/2026,seed from tblMoldDesign MoldDesignID=1135,,
1214,KSP045-MDID-1136,KSP-045,199,3985,1214,ACTIVE,10/20/2014,seed from tblMoldDesign MoldDesignID=1136,,
1215,KSP046-MDID-1137,KSP-046,199,3986,1215,ACTIVE,10/20/2014,seed from tblMoldDesign MoldDesignID=1137,,
1216,KSP049-MDID-1138,KSP-049,199,3987,1216,ACTIVE,10/20/2014,seed from tblMoldDesign MoldDesignID=1138,,
1217,KSP049AB-MDID-1139,KSP-049AB,199,3987,1217,ACTIVE,10/20/2014,seed from tblMoldDesign MoldDesignID=1139,,
1218,KSP049新-MDID-1140,KSP-049新,199,3987,1218,ACTIVE,3/10/2026,seed from tblMoldDesign MoldDesignID=1140,,
1219,KSP050-MDID-1141,KSP-050,199,3990,1219,ACTIVE,10/20/2014,seed from tblMoldDesign MoldDesignID=1141,,
1220,KSP050AB-MDID-1142,KSP-050AB,199,3990,1220,ACTIVE,10/20/2014,seed from tblMoldDesign MoldDesignID=1142,,
1221,KSP050R-MDID-1143,KSP-050R,199,3990,1221,ACTIVE,3/10/2026,seed from tblMoldDesign MoldDesignID=1143,,
1222,KSP051-MDID-1144,KSP-051,199,3993,1222,ACTIVE,10/20/2014,seed from tblMoldDesign MoldDesignID=1144,,
1223,KSP053-MDID-1145,KSP-053,199,3994,1223,ACTIVE,10/20/2014,seed from tblMoldDesign MoldDesignID=1145,,
1224,KSP061-MDID-1146,KSP-061,199,1031,1224,ACTIVE,10/20/2014,seed from tblMoldDesign MoldDesignID=1146,,
1225,KSP062-MDID-1147,KSP-062,199,1032,1225,ACTIVE,10/20/2014,seed from tblMoldDesign MoldDesignID=1147,,
1226,KSP063-MDID-1148,KSP-063,199,3995,1226,ACTIVE,10/20/2014,seed from tblMoldDesign MoldDesignID=1148,,
1227,KSP065-MDID-1149,KSP-065,199,1033,1227,ACTIVE,10/20/2014,seed from tblMoldDesign MoldDesignID=1149,,
1228,KSP066-MDID-1150,KSP-066,199,3996,1228,ACTIVE,10/20/2014,seed from tblMoldDesign MoldDesignID=1150,,
1229,KSP067-MDID-1151,KSP-067,199,3997,1229,ACTIVE,10/20/2014,seed from tblMoldDesign MoldDesignID=1151,,
1230,KSP069-MDID-1152,KSP-069,199,1034,1230,ACTIVE,10/20/2014,seed from tblMoldDesign MoldDesignID=1152,,
1231,KSP070-MDID-1153,KSP-070,199,1035,1231,ACTIVE,10/20/2014,seed from tblMoldDesign MoldDesignID=1153,,
1232,KSP071-MDID-1154,KSP-071,199,1036,1232,ACTIVE,10/20/2014,seed from tblMoldDesign MoldDesignID=1154,,
1233,KSP072-MDID-1155,KSP-072,199,1037,1233,ACTIVE,10/20/2014,seed from tblMoldDesign MoldDesignID=1155,,
1234,KSP073-MDID-1156,KSP-073,199,1038,1234,ACTIVE,10/20/2014,seed from tblMoldDesign MoldDesignID=1156,,
1235,KSP074-MDID-1157,KSP-074,199,1039,1235,ACTIVE,10/20/2014,seed from tblMoldDesign MoldDesignID=1157,,
1236,KSP075-MDID-1158,KSP-075,199,1040,1236,ACTIVE,10/20/2014,seed from tblMoldDesign MoldDesignID=1158,,
1237,KSP076-MDID-1159,KSP-076,199,3998,1237,ACTIVE,10/20/2014,seed from tblMoldDesign MoldDesignID=1159,,
1238,KSP077-MDID-1160,KSP-077,199,1041,1238,ACTIVE,10/20/2014,seed from tblMoldDesign MoldDesignID=1160,,
1239,KSP078-MDID-1161,KSP-078,199,1042,1239,ACTIVE,10/20/2014,seed from tblMoldDesign MoldDesignID=1161,,
1240,KSP079-MDID-1162,KSP-079,199,1043,1240,ACTIVE,10/20/2014,seed from tblMoldDesign MoldDesignID=1162,,
1241,KSP080-MDID-1163,KSP-080,199,1044,1241,ACTIVE,10/20/2014,seed from tblMoldDesign MoldDesignID=1163,,
1242,KSP082-MDID-1164,KSP-082,199,1045,1242,ACTIVE,10/20/2014,seed from tblMoldDesign MoldDesignID=1164,,
1243,KSP083-MDID-1165,KSP-083,199,1046,1243,ACTIVE,10/20/2014,seed from tblMoldDesign MoldDesignID=1165,,
1244,KSP084-MDID-1166,KSP-084,199,1047,1244,ACTIVE,10/20/2014,seed from tblMoldDesign MoldDesignID=1166,,
1245,KSP085-MDID-1167,KSP-085,199,1048,1245,ACTIVE,10/20/2014,seed from tblMoldDesign MoldDesignID=1167,,
1246,KSP086-MDID-1168,KSP-086,199,1049,1246,ACTIVE,10/20/2014,seed from tblMoldDesign MoldDesignID=1168,,
1247,KSP087-MDID-1169,KSP-087,199,1050,1247,ACTIVE,10/20/2014,seed from tblMoldDesign MoldDesignID=1169,,
1248,KSP088-MDID-1170,KSP-088,199,1051,1248,ACTIVE,10/20/2014,seed from tblMoldDesign MoldDesignID=1170,,
1249,KSP089-MDID-1171,KSP-089,199,1052,1249,ACTIVE,10/20/2014,seed from tblMoldDesign MoldDesignID=1171,,
1250,KSP090-MDID-1172,KSP-090,199,3999,1250,ACTIVE,10/20/2014,seed from tblMoldDesign MoldDesignID=1172,,
1251,KSP091-MDID-1173,KSP-091,199,1053,1251,ACTIVE,10/20/2014,seed from tblMoldDesign MoldDesignID=1173,,
1252,KSP092-MDID-1174,KSP-092,199,1054,1252,ACTIVE,10/20/2014,seed from tblMoldDesign MoldDesignID=1174,,
1253,KSP093-MDID-1175,KSP-093,199,1055,1253,ACTIVE,10/20/2014,seed from tblMoldDesign MoldDesignID=1175,,
1254,KSP094-MDID-1176,KSP-094,199,1056,1254,ACTIVE,10/20/2014,seed from tblMoldDesign MoldDesignID=1176,,
1255,KSP095-MDID-1177,KSP-095,199,1057,1255,ACTIVE,10/20/2014,seed from tblMoldDesign MoldDesignID=1177,,
1256,KSP096-MDID-1178,KSP-096,199,1058,1256,ACTIVE,10/20/2014,seed from tblMoldDesign MoldDesignID=1178,,
1257,KSP097-MDID-1179,KSP-097,199,1059,1257,ACTIVE,10/20/2014,seed from tblMoldDesign MoldDesignID=1179,,
1258,KSP098-MDID-1180,KSP-098,199,1060,1258,ACTIVE,10/20/2014,seed from tblMoldDesign MoldDesignID=1180,,
1259,KSP099-MDID-1181,KSP-099,199,1061,1259,ACTIVE,10/20/2014,seed from tblMoldDesign MoldDesignID=1181,,
1260,KSP101-MDID-1182,KSP-101,199,1062,1260,ACTIVE,10/20/2014,seed from tblMoldDesign MoldDesignID=1182,,
1261,KSP102-MDID-1183,KSP-102,199,1063,1261,ACTIVE,10/20/2014,seed from tblMoldDesign MoldDesignID=1183,,
1262,KSP103-MDID-1184,KSP-103,199,1064,1262,ACTIVE,10/20/2014,seed from tblMoldDesign MoldDesignID=1184,,
1263,KSP104-MDID-1185,KSP-104,199,1065,1263,ACTIVE,10/20/2014,seed from tblMoldDesign MoldDesignID=1185,,
1264,KSP105-MDID-1186,KSP-105,199,4000,1264,ACTIVE,10/20/2014,seed from tblMoldDesign MoldDesignID=1186,,
1265,KSP105R-MDID-1187,KSP-105R,199,4000,1265,ACTIVE,10/28/2014,seed from tblMoldDesign MoldDesignID=1187,,
1266,KSP106-MDID-1188,KSP-106,199,1067,1266,ACTIVE,10/20/2014,seed from tblMoldDesign MoldDesignID=1188,,
1267,KSP107-MDID-1189,KSP-107,199,1068,1267,ACTIVE,10/20/2014,seed from tblMoldDesign MoldDesignID=1189,,
1268,KSP108-MDID-1190,KSP-108,199,1069,1268,ACTIVE,3/10/2026,seed from tblMoldDesign MoldDesignID=1190,,
1269,KSP109-MDID-1191,KSP-109,199,1070,1269,ACTIVE,3/10/2026,seed from tblMoldDesign MoldDesignID=1191,,
1270,KSP110-MDID-1192,KSP-110,199,1071,1270,ACTIVE,10/20/2014,seed from tblMoldDesign MoldDesignID=1192,,
1271,KSP111-MDID-1193,KSP-111,199,1072,1271,ACTIVE,3/10/2026,seed from tblMoldDesign MoldDesignID=1193,,
1272,KSP112-MDID-1194,KSP-112,199,1073,1272,ACTIVE,10/20/2014,seed from tblMoldDesign MoldDesignID=1194,,
1273,KSP113-MDID-1195,KSP-113,199,1074,1273,ACTIVE,10/20/2014,seed from tblMoldDesign MoldDesignID=1195,,
1274,KSP114-MDID-1196,KSP-114,199,1075,1274,ACTIVE,10/20/2014,seed from tblMoldDesign MoldDesignID=1196,,
1275,KSP115-MDID-1197,KSP-115,199,4001,1275,ACTIVE,10/20/2014,seed from tblMoldDesign MoldDesignID=1197,,
1276,KSP116-MDID-1198,KSP-116,199,4002,1276,ACTIVE,10/25/2014,seed from tblMoldDesign MoldDesignID=1198,,
1277,KSP119-MDID-1199,KSP-119,199,1076,1277,ACTIVE,3/15/2015,seed from tblMoldDesign MoldDesignID=1199,,
1278,KSP120-MDID-1200,KSP-120,199,1077,1278,ACTIVE,3/13/2015,seed from tblMoldDesign MoldDesignID=1200,,
1279,KSP121-MDID-1201,KSP-121,199,1078,1279,ACTIVE,3/10/2026,seed from tblMoldDesign MoldDesignID=1201,,
1280,KSP123-MDID-1202,KSP-123,199,1079,1280,ACTIVE,2/25/2015,seed from tblMoldDesign MoldDesignID=1202,,
1281,KSP124-MDID-1203,KSP-124,199,1080,1281,ACTIVE,2/25/2015,seed from tblMoldDesign MoldDesignID=1203,,
1282,KSP128-MDID-1204,KSP-128,199,1081,1282,ACTIVE,3/17/2016,seed from tblMoldDesign MoldDesignID=1204,,
1283,KSP130-MDID-1205,KSP-130,199,1082,1283,ACTIVE,3/25/2016,seed from tblMoldDesign MoldDesignID=1205,,
1284,KSP131-MDID-1206,KSP-131,199,1083,1284,ACTIVE,3/26/2016,seed from tblMoldDesign MoldDesignID=1206,,
1285,KSP133-MDID-1207,KSP-133,199,1084,1285,ACTIVE,7/7/2016,seed from tblMoldDesign MoldDesignID=1207,,
1286,KSP134-MDID-1208,KSP-134,199,1085,1286,ACTIVE,6/21/2016,seed from tblMoldDesign MoldDesignID=1208,,
1287,KSP135-MDID-1209,KSP-135,199,1086,1287,ACTIVE,6/20/2016,seed from tblMoldDesign MoldDesignID=1209,,
1288,KSP136R-MDID-1210,KSP-136R,199,4003,1288,ACTIVE,8/5/2016,seed from tblMoldDesign MoldDesignID=1210,,
1289,KSP137-MDID-1211,KSP-137,199,1087,1289,ACTIVE,9/12/2016,seed from tblMoldDesign MoldDesignID=1211,,
1290,KSP140-MDID-1212,KSP-140,199,1088,1290,ACTIVE,9/14/2016,seed from tblMoldDesign MoldDesignID=1212,,
1291,KSP141-MDID-1213,KSP-141,199,1089,1291,ACTIVE,2/21/2017,seed from tblMoldDesign MoldDesignID=1213,,
1292,KSP142-MDID-1214,KSP-142,199,1090,1292,ACTIVE,7/4/2017,seed from tblMoldDesign MoldDesignID=1214,,
1293,KSP143-MDID-1215,KSP-143,199,1091,1293,ACTIVE,7/4/2017,seed from tblMoldDesign MoldDesignID=1215,,
1294,KSP144-MDID-1216,KSP-144,199,1092,1294,ACTIVE,12/8/2017,seed from tblMoldDesign MoldDesignID=1216,,
1295,KSP145-MDID-1217,KSP-145,199,1093,1295,ACTIVE,12/14/2017,seed from tblMoldDesign MoldDesignID=1217,,
1296,KSP146-MDID-1218,KSP-146,199,1094,1296,ACTIVE,12/11/2017,seed from tblMoldDesign MoldDesignID=1218,,
1297,KSP147-MDID-1219,KSP-147,199,1095,1297,ACTIVE,1/22/2018,seed from tblMoldDesign MoldDesignID=1219,,
1298,KSP148-MDID-1220,KSP-148,199,1096,1298,ACTIVE,1/25/2018,seed from tblMoldDesign MoldDesignID=1220,,
1299,KSP149-MDID-1221,KSP-149,199,1097,1299,ACTIVE,1/22/2018,seed from tblMoldDesign MoldDesignID=1221,,
1300,KSP150-MDID-1222,KSP-150,199,1098,1300,ACTIVE,3/10/2026,seed from tblMoldDesign MoldDesignID=1222,,
1301,KSP151-MDID-1223,KSP-151,199,1099,1301,ACTIVE,7/9/2018,seed from tblMoldDesign MoldDesignID=1223,,
1302,KSP152-MDID-1224,KSP-152,199,1100,1302,ACTIVE,8/30/2018,seed from tblMoldDesign MoldDesignID=1224,,
1303,KSP153-MDID-1225,KSP-153,199,1101,1303,ACTIVE,8/30/2018,seed from tblMoldDesign MoldDesignID=1225,,
1304,KSP155-MDID-1226,KSP-155,199,1102,1304,ACTIVE,11/13/2018,seed from tblMoldDesign MoldDesignID=1226,,
1305,KSP156-MDID-1227,KSP-156,199,1103,1305,ACTIVE,11/14/2018,seed from tblMoldDesign MoldDesignID=1227,,
1306,KSP157-MDID-1228,KSP-157,199,1104,1306,ACTIVE,11/22/2018,seed from tblMoldDesign MoldDesignID=1228,,
1307,KSP158-MDID-1229,KSP-158,199,1105,1307,ACTIVE,3/8/2019,seed from tblMoldDesign MoldDesignID=1229,,
1308,KSP159-MDID-1230,KSP-159,199,4004,1308,ACTIVE,2/28/2019,seed from tblMoldDesign MoldDesignID=1230,,
1309,KSP160-MDID-1231,KSP-160,199,1106,1309,ACTIVE,6/20/2019,seed from tblMoldDesign MoldDesignID=1231,,
1310,KSP161-MDID-1232,KSP-161,199,1107,1310,ACTIVE,6/20/2019,seed from tblMoldDesign MoldDesignID=1232,,
1311,KSP162-MDID-1233,KSP-162,199,1108,1311,ACTIVE,6/20/2019,seed from tblMoldDesign MoldDesignID=1233,,
1312,KSP163-MDID-1234,KSP-163,199,1109,1312,ACTIVE,7/17/2019,seed from tblMoldDesign MoldDesignID=1234,,
1313,KSP165-MDID-1235,KSP-165,199,1110,1313,ACTIVE,11/28/2019,seed from tblMoldDesign MoldDesignID=1235,,
1314,KSP166-MDID-1236,KSP-166,199,1111,1314,ACTIVE,12/3/2019,seed from tblMoldDesign MoldDesignID=1236,,
1315,KSP167-MDID-1237,KSP-167,199,1112,1315,ACTIVE,1/30/2020,seed from tblMoldDesign MoldDesignID=1237,,
1316,KSP168-MDID-1238,KSP-168,199,4005,1316,ACTIVE,1/31/2020,seed from tblMoldDesign MoldDesignID=1238,,
1317,KSP169-MDID-1239,KSP-169,199,1113,1317,ACTIVE,3/26/2020,seed from tblMoldDesign MoldDesignID=1239,,
1318,KSP170-MDID-1240,KSP-170,199,1114,1318,ACTIVE,8/19/2020,seed from tblMoldDesign MoldDesignID=1240,,
1319,KSP171-MDID-1241,KSP-171,199,1115,1319,ACTIVE,8/21/2020,seed from tblMoldDesign MoldDesignID=1241,,
1320,KSP172-MDID-1242,KSP-172,199,1116,1320,ACTIVE,8/21/2020,seed from tblMoldDesign MoldDesignID=1242,,
1321,KSP173-MDID-1243,KSP-173,199,1117,1321,ACTIVE,8/26/2020,seed from tblMoldDesign MoldDesignID=1243,,
1322,KSP174-MDID-1244,KSP-174,199,1118,1322,ACTIVE,11/24/2020,seed from tblMoldDesign MoldDesignID=1244,,
1323,KSP175-MDID-1245,KSP-175,199,1119,1323,ACTIVE,11/24/2020,seed from tblMoldDesign MoldDesignID=1245,,
1324,KSP176-MDID-1246,KSP-176,199,1120,1324,ACTIVE,1/27/2021,seed from tblMoldDesign MoldDesignID=1246,,
1325,KSP177-MDID-1247,KSP-177,199,1121,1325,ACTIVE,4/20/2021,seed from tblMoldDesign MoldDesignID=1247,,
1326,KSP178-MDID-1248,KSP-178,199,1122,1326,ACTIVE,3/31/2021,seed from tblMoldDesign MoldDesignID=1248,,
1327,KSP179-MDID-1249,KSP-179,199,1123,1327,ACTIVE,3/22/2021,seed from tblMoldDesign MoldDesignID=1249,,
1328,KSP180-MDID-1250,KSP-180,199,1124,1328,ACTIVE,4/28/2021,seed from tblMoldDesign MoldDesignID=1250,,
1329,KSP181-MDID-1251,KSP-181,199,1125,1329,ACTIVE,3/10/2026,seed from tblMoldDesign MoldDesignID=1251,,
1330,KSP182-MDID-1252,KSP-182,199,1126,1330,ACTIVE,3/10/2026,seed from tblMoldDesign MoldDesignID=1252,,
1331,KSP183-MDID-1253,KSP-183,199,1127,1331,ACTIVE,3/10/2026,seed from tblMoldDesign MoldDesignID=1253,,
1332,KSP184-MDID-1254,KSP-184,199,1128,1332,ACTIVE,3/10/2026,seed from tblMoldDesign MoldDesignID=1254,,
1333,KSP185-MDID-1255,KSP-185,199,1129,1333,ACTIVE,3/10/2026,seed from tblMoldDesign MoldDesignID=1255,,
1334,KSP186-MDID-1256,KSP-186,199,1130,1334,ACTIVE,3/10/2026,seed from tblMoldDesign MoldDesignID=1256,,
1335,KSP187-MDID-1257,KSP-187,199,1131,1335,ACTIVE,3/10/2026,seed from tblMoldDesign MoldDesignID=1257,,
1336,KSP188-MDID-1258,KSP-188,199,1132,1336,ACTIVE,3/10/2026,seed from tblMoldDesign MoldDesignID=1258,,
1337,KSP189-MDID-1259,KSP-189,199,1133,1337,ACTIVE,3/10/2026,seed from tblMoldDesign MoldDesignID=1259,,
1338,KSP190-MDID-1260,KSP-190,199,1134,1338,ACTIVE,3/10/2026,seed from tblMoldDesign MoldDesignID=1260,,
1339,KSP191-MDID-1261,KSP-191,199,1135,1339,ACTIVE,3/10/2026,seed from tblMoldDesign MoldDesignID=1261,,
1340,KSP192-MDID-1262,KSP-192,199,1136,1340,ACTIVE,3/10/2026,seed from tblMoldDesign MoldDesignID=1262,,
1341,KSP193-MDID-1263,KSP-193,199,1137,1341,ACTIVE,3/10/2026,seed from tblMoldDesign MoldDesignID=1263,,
1342,KSP194-MDID-1264,KSP-194,199,1138,1342,ACTIVE,3/10/2026,seed from tblMoldDesign MoldDesignID=1264,,
1343,KSP195-MDID-1265,KSP-195,199,1139,1343,ACTIVE,3/10/2026,seed from tblMoldDesign MoldDesignID=1265,,
1344,KSP196-MDID-1266,KSP-196,199,1140,1344,ACTIVE,3/10/2026,seed from tblMoldDesign MoldDesignID=1266,,
1345,KSP197-MDID-1267,KSP-197,199,1141,1345,ACTIVE,3/10/2026,seed from tblMoldDesign MoldDesignID=1267,,
1346,KSP198-MDID-1268,KSP-198,199,1142,1346,ACTIVE,3/10/2026,seed from tblMoldDesign MoldDesignID=1268,,
1347,KSP199-MDID-1269,KSP-199,199,1143,1347,ACTIVE,3/10/2026,seed from tblMoldDesign MoldDesignID=1269,,
1348,KSP200R1-MDID-1270,KSP-200 R1,199,1144,1348,ACTIVE,3/10/2026,seed from tblMoldDesign MoldDesignID=1270,,
1349,KSP201-MDID-1271,KSP-201,199,1145,1349,ACTIVE,3/10/2026,seed from tblMoldDesign MoldDesignID=1271,,
1350,KSP202-MDID-1272,KSP-202,199,1146,1350,ACTIVE,3/10/2026,seed from tblMoldDesign MoldDesignID=1272,,
1351,KSP203-MDID-1273,KSP-203,199,1147,1351,ACTIVE,1/30/2023,seed from tblMoldDesign MoldDesignID=1273,,
1352,KSP204-MDID-1274,KSP-204,199,1148,1352,ACTIVE,3/10/2026,seed from tblMoldDesign MoldDesignID=1274,,
1353,KSP205-MDID-1275,KSP-205,199,1149,1353,ACTIVE,3/10/2026,seed from tblMoldDesign MoldDesignID=1275,,
1354,KSP206-MDID-1276,KSP-206,199,1150,1354,ACTIVE,3/10/2026,seed from tblMoldDesign MoldDesignID=1276,,
1355,KSP207?-MDID-1277,KSP-207?,199,1151,1355,ACTIVE,3/10/2026,seed from tblMoldDesign MoldDesignID=1277,,
1356,KSP207-MDID-1278,KSP-207,199,1151,1356,ACTIVE,3/10/2026,seed from tblMoldDesign MoldDesignID=1278,,
1357,KSP299-MDID-1279,KSP-299,199,1152,1357,ACTIVE,3/10/2026,seed from tblMoldDesign MoldDesignID=1279,,
1358,KSP330-MDID-1280,KSP-330,199,4006,1358,ACTIVE,3/10/2026,seed from tblMoldDesign MoldDesignID=1280,,
1359,KSPInline-MDID-1281,KSP-Inline,199,4007,1359,ACTIVE,3/10/2026,seed from tblMoldDesign MoldDesignID=1281,,
1360,KSPNoName-MDID-1282,KSP-No Name,199,4007,1360,ACTIVE,3/10/2026,seed from tblMoldDesign MoldDesignID=1282,,
1361,KSR010????YSR-MDID-1283,KSR-010 ???? YSR,200,1154,1361,ACTIVE,3/10/2026,seed from tblMoldDesign MoldDesignID=1283,,
1362,KTK-MDID-1284,KTK,201,1155,1362,ACTIVE,3/10/2026,seed from tblMoldDesign MoldDesignID=1284,,
1363,KTK002-MDID-1285,KTK-002,201,1156,1363,ACTIVE,3/10/2026,seed from tblMoldDesign MoldDesignID=1285,,
1364,KW0121-MDID-1286,KW-012-1,250,1157,1364,ACTIVE,3/10/2026,seed from tblMoldDesign MoldDesignID=1286,,
1365,KW025-MDID-1287,KW-025,250,1158,1365,ACTIVE,3/10/2026,seed from tblMoldDesign MoldDesignID=1287,,
1366,KW0251-MDID-1288,KW-025-1,250,4008,1366,ACTIVE,3/10/2026,seed from tblMoldDesign MoldDesignID=1288,,
1367,KWE001-MDID-1289,KWE-001,202,1159,1367,ACTIVE,6/11/2020,seed from tblMoldDesign MoldDesignID=1289,,
1368,KWE001（TEST?)-MDID-1290,KWE-001（TEST?),202,1159,1368,ACTIVE,3/10/2026,seed from tblMoldDesign MoldDesignID=1290,,
1369,KWE002-MDID-1291,KWE-002,202,1161,1369,ACTIVE,11/4/2020,seed from tblMoldDesign MoldDesignID=1291,,
1370,KWE003-MDID-1292,KWE-003,202,1162,1370,ACTIVE,1/20/2021,seed from tblMoldDesign MoldDesignID=1292,,
1371,KYANON-MDID-1293,KYANON,203,4009,1371,ACTIVE,3/10/2026,seed from tblMoldDesign MoldDesignID=1293,,
1372,KYANONNonumber1-MDID-1294,KYANON-No number1,203,4009,1372,ACTIVE,3/10/2026,seed from tblMoldDesign MoldDesignID=1294,,
1373,KYANONNonumber2-MDID-1295,KYANON-No number2,203,4009,1373,ACTIVE,3/10/2026,seed from tblMoldDesign MoldDesignID=1295,,
1374,KYD001D-MDID-1296,KYD-001D,204,1165,1374,ACTIVE,3/10/2026,seed from tblMoldDesign MoldDesignID=1296,,
1375,KYD001-MDID-1297,KYD-001,204,1165,1375,ACTIVE,3/10/2026,seed from tblMoldDesign MoldDesignID=1297,,
1376,KYD001R1-MDID-1298,KYD-001R1,204,1165,1376,ACTIVE,3/10/2026,seed from tblMoldDesign MoldDesignID=1298,,
1377,KYM004-MDID-1299,KYM-004,205,1167,1377,ACTIVE,9/5/2016,seed from tblMoldDesign MoldDesignID=1299,,
1378,LDV001-MDID-1300,LDV-001,305,1168,1378,ACTIVE,11/21/2019,seed from tblMoldDesign MoldDesignID=1300,,
1379,LKS-MDID-1301,LKS,282,4010,1379,ACTIVE,10/20/2014,seed from tblMoldDesign MoldDesignID=1301,,
1380,LKS001-MDID-1302,LKS-001,282,1169,1380,ACTIVE,10/20/2014,seed from tblMoldDesign MoldDesignID=1302,,
1381,LKS002-MDID-1303,LKS-002,282,1170,1381,ACTIVE,10/20/2014,seed from tblMoldDesign MoldDesignID=1303,,
1382,LKS003-MDID-1304,LKS-003,282,4011,1382,ACTIVE,10/20/2014,seed from tblMoldDesign MoldDesignID=1304,,
1383,LKS004-MDID-1305,LKS-004,282,1171,1383,ACTIVE,10/20/2014,seed from tblMoldDesign MoldDesignID=1305,,
1384,LKS005-MDID-1306,LKS-005,282,1172,1384,ACTIVE,10/20/2014,seed from tblMoldDesign MoldDesignID=1306,,
1385,LKS006-MDID-1307,LKS-006,282,1173,1385,ACTIVE,10/20/2014,seed from tblMoldDesign MoldDesignID=1307,,
1386,LKS007-MDID-1308,LKS-007,282,1174,1386,ACTIVE,10/20/2014,seed from tblMoldDesign MoldDesignID=1308,,
1387,LMN001-MDID-1309,LMN-001,345,1175,1387,ACTIVE,3/10/2026,seed from tblMoldDesign MoldDesignID=1309,,
1388,LPS001-MDID-1310,LPS-001,206,1176,1388,ACTIVE,10/20/2014,seed from tblMoldDesign MoldDesignID=1310,,
1389,LPS002新-MDID-1311,LPS-002新,206,4012,1389,ACTIVE,3/10/2026,seed from tblMoldDesign MoldDesignID=1311,,
1390,LPS003-MDID-1312,LPS-003,206,1177,1390,ACTIVE,10/20/2014,seed from tblMoldDesign MoldDesignID=1312,,
1391,LPS004-MDID-1313,LPS-004,206,1178,1391,ACTIVE,10/20/2014,seed from tblMoldDesign MoldDesignID=1313,,
1392,LPS006-MDID-1314,LPS-006,206,1179,1392,ACTIVE,10/20/2014,seed from tblMoldDesign MoldDesignID=1314,,
1393,LPS007-MDID-1315,LPS-007,206,1180,1393,ACTIVE,10/20/2014,seed from tblMoldDesign MoldDesignID=1315,,
1394,LPS009-MDID-1316,LPS-009,206,1181,1394,ACTIVE,10/20/2014,seed from tblMoldDesign MoldDesignID=1316,,
1395,LPS010-MDID-1317,LPS-010,206,1182,1395,ACTIVE,10/20/2014,seed from tblMoldDesign MoldDesignID=1317,,
1396,LPS011-MDID-1318,LPS-011,206,1183,1396,ACTIVE,10/20/2014,seed from tblMoldDesign MoldDesignID=1318,,
1397,LPS012-MDID-1319,LPS-012,206,1184,1397,ACTIVE,10/20/2014,seed from tblMoldDesign MoldDesignID=1319,,
1398,LPS013-MDID-1320,LPS-013,206,1185,1398,ACTIVE,10/20/2014,seed from tblMoldDesign MoldDesignID=1320,,
1399,LPS015-MDID-1321,LPS-015,206,1186,1399,ACTIVE,10/20/2014,seed from tblMoldDesign MoldDesignID=1321,,
1400,LPS016-MDID-1322,LPS-016,206,1187,1400,ACTIVE,10/20/2014,seed from tblMoldDesign MoldDesignID=1322,,
1401,LPS017-MDID-1323,LPS-017,206,4013,1401,ACTIVE,7/22/2016,seed from tblMoldDesign MoldDesignID=1323,,
1402,LPS020-MDID-1324,LPS-020,206,1188,1402,ACTIVE,10/2/2017,seed from tblMoldDesign MoldDesignID=1324,,
1403,LPS022-MDID-1325,LPS-022,206,1189,1403,ACTIVE,2/21/2018,seed from tblMoldDesign MoldDesignID=1325,,
1404,LPS037-MDID-1326,LPS-037,206,4014,1404,ACTIVE,3/10/2026,seed from tblMoldDesign MoldDesignID=1326,,
1405,LSK003-MDID-1327,LSK-003,278,1190,1405,ACTIVE,3/10/2026,seed from tblMoldDesign MoldDesignID=1327,,
1406,M2T139-MDID-1328,M2T-139,12,1191,1406,ACTIVE,3/10/2026,seed from tblMoldDesign MoldDesignID=1328,,
1407,MBC001-MDID-1329,MBC-001,207,1192,1407,ACTIVE,3/10/2026,seed from tblMoldDesign MoldDesignID=1329,,
1408,MBM001-MDID-1330,MBM-001,208,1193,1408,ACTIVE,3/10/2026,seed from tblMoldDesign MoldDesignID=1330,,
1409,MBM002-MDID-1331,MBM-002,208,1194,1409,ACTIVE,3/10/2026,seed from tblMoldDesign MoldDesignID=1331,,
1410,MBM006-MDID-1332,MBM-006,208,1195,1410,ACTIVE,3/10/2026,seed from tblMoldDesign MoldDesignID=1332,,
1411,MBM007-MDID-1333,MBM-007,208,1196,1411,ACTIVE,3/10/2026,seed from tblMoldDesign MoldDesignID=1333,,
1412,MBM008-MDID-1334,MBM-008,208,1197,1412,ACTIVE,3/10/2026,seed from tblMoldDesign MoldDesignID=1334,,
1413,MBN002-MDID-1335,MBN-002,318,1198,1413,ACTIVE,3/10/2026,seed from tblMoldDesign MoldDesignID=1335,,
1414,MBS001-MDID-1336,MBS-001,209,1199,1414,ACTIVE,3/10/2026,seed from tblMoldDesign MoldDesignID=1336,,
1415,MBS002-MDID-1337,MBS-002,209,1200,1415,ACTIVE,3/10/2026,seed from tblMoldDesign MoldDesignID=1337,,
1416,MCC002-MDID-1338,MCC-002,308,1201,1416,ACTIVE,3/10/2026,seed from tblMoldDesign MoldDesignID=1338,,
1417,MCC003-MDID-1339,MCC-003,308,4015,1417,ACTIVE,3/10/2026,seed from tblMoldDesign MoldDesignID=1339,,
1418,MCT001D-MDID-1340,MCT-001D,346,1202,1418,ACTIVE,3/10/2026,seed from tblMoldDesign MoldDesignID=1340,,
1419,MDS004-MDID-1341,MDS-004,210,1203,1419,ACTIVE,10/20/2014,seed from tblMoldDesign MoldDesignID=1341,,
1420,MDS005-MDID-1342,MDS-005,210,1204,1420,ACTIVE,7/12/2017,seed from tblMoldDesign MoldDesignID=1342,,
1421,MH001-MDID-1343,MH-001,211,1205,1421,ACTIVE,3/10/2026,seed from tblMoldDesign MoldDesignID=1343,,
1422,MIC001-MDID-1344,MIC-001,212,1206,1422,ACTIVE,2/3/2015,seed from tblMoldDesign MoldDesignID=1344,,
1423,MILLAC468V-MDID-1345,MILLAC468V,244,1207,1423,ACTIVE,3/10/2026,seed from tblMoldDesign MoldDesignID=1345,,
1424,MIS001-MDID-1346,MIS-001,213,1208,1424,ACTIVE,10/20/2014,seed from tblMoldDesign MoldDesignID=1346,,
1425,MIS002-MDID-1347,MIS-002,213,1209,1425,ACTIVE,3/10/2026,seed from tblMoldDesign MoldDesignID=1347,,
1426,MIS003-MDID-1348,MIS-003,213,1210,1426,ACTIVE,3/10/2026,seed from tblMoldDesign MoldDesignID=1348,,
1427,MIS2001-MDID-1349,MIS-2-001,213,1211,1427,ACTIVE,9/7/2016,seed from tblMoldDesign MoldDesignID=1349,,
1428,MIS2004-MDID-1350,MIS-2-004,213,1212,1428,ACTIVE,3/11/2021,seed from tblMoldDesign MoldDesignID=1350,,
1429,MIS2005-MDID-1351,MIS-2-005,213,1213,1429,ACTIVE,6/21/2021,seed from tblMoldDesign MoldDesignID=1351,,
1430,MIY001R2-MDID-1352,MIY-001 R2,214,1214,1430,ACTIVE,10/20/2014,seed from tblMoldDesign MoldDesignID=1352,,
1431,MIY002-MDID-1353,MIY-002,214,1215,1431,ACTIVE,12/6/2016,seed from tblMoldDesign MoldDesignID=1353,,
1432,MKG001-MDID-1354,MKG-001,215,1216,1432,ACTIVE,3/10/2026,seed from tblMoldDesign MoldDesignID=1354,,
1433,MKG002-MDID-1355,MKG-002,215,1217,1433,ACTIVE,3/10/2026,seed from tblMoldDesign MoldDesignID=1355,,
1434,MKG003-MDID-1356,MKG-003,215,1218,1434,ACTIVE,3/10/2026,seed from tblMoldDesign MoldDesignID=1356,,
1435,MKN001-MDID-1357,MKN-001,216,1219,1435,ACTIVE,10/20/2014,seed from tblMoldDesign MoldDesignID=1357,,
1436,MKP001-MDID-1358,MKP-001,217,1220,1436,ACTIVE,3/10/2026,seed from tblMoldDesign MoldDesignID=1358,,
1437,MKP002-MDID-1359,MKP-002,217,1221,1437,ACTIVE,3/10/2026,seed from tblMoldDesign MoldDesignID=1359,,
1438,MKP003-MDID-1360,MKP-003,217,1222,1438,ACTIVE,3/10/2026,seed from tblMoldDesign MoldDesignID=1360,,
1439,MMC003-MDID-1361,MMC-003,307,1223,1439,ACTIVE,10/12/2020,seed from tblMoldDesign MoldDesignID=1361,,
1440,MMT001-MDID-1362,MMT-001,218,1224,1440,ACTIVE,1/18/2019,seed from tblMoldDesign MoldDesignID=1362,,
1441,MMT002-MDID-1363,MMT-002,218,1225,1441,ACTIVE,2/1/2019,seed from tblMoldDesign MoldDesignID=1363,,
1442,MMT003-MDID-1364,MMT-003,218,1226,1442,ACTIVE,5/20/2019,seed from tblMoldDesign MoldDesignID=1364,,
1443,MMT004-MDID-1365,MMT-004,218,1227,1443,ACTIVE,6/10/2019,seed from tblMoldDesign MoldDesignID=1365,,
1444,MMT005-MDID-1366,MMT-005,218,1228,1444,ACTIVE,11/6/2019,seed from tblMoldDesign MoldDesignID=1366,,
1445,MMT006-MDID-1367,MMT-006,218,1229,1445,ACTIVE,11/6/2019,seed from tblMoldDesign MoldDesignID=1367,,
1446,MMT008-MDID-1368,MMT-008,218,1230,1446,ACTIVE,1/16/2020,seed from tblMoldDesign MoldDesignID=1368,,
1447,MMT009-MDID-1369,MMT-009,218,1231,1447,ACTIVE,1/16/2020,seed from tblMoldDesign MoldDesignID=1369,,
1448,MMT010-MDID-1370,MMT-010,218,1232,1448,ACTIVE,8/19/2020,seed from tblMoldDesign MoldDesignID=1370,,
1449,MMT011-MDID-1371,MMT-011,218,1233,1449,ACTIVE,9/17/2020,seed from tblMoldDesign MoldDesignID=1371,,
1450,MMT012-MDID-1372,MMT-012,218,1234,1450,ACTIVE,10/5/2020,seed from tblMoldDesign MoldDesignID=1372,,
1451,MMT013-MDID-1373,MMT-013,218,1235,1451,ACTIVE,2/15/2021,seed from tblMoldDesign MoldDesignID=1373,,
1452,MMT014-MDID-1374,MMT-014,218,1236,1452,ACTIVE,4/21/2021,seed from tblMoldDesign MoldDesignID=1374,,
1453,MMT015-MDID-1375,MMT-015,218,1237,1453,ACTIVE,3/10/2026,seed from tblMoldDesign MoldDesignID=1375,,
1454,MMT016-MDID-1376,MMT-016,218,1238,1454,ACTIVE,3/10/2026,seed from tblMoldDesign MoldDesignID=1376,,
1455,MNM001-MDID-1377,MNM-001,1,1239,1455,ACTIVE,10/20/2014,seed from tblMoldDesign MoldDesignID=1377,,
1456,MNM002-MDID-1378,MNM-002,1,1240,1456,ACTIVE,10/20/2014,seed from tblMoldDesign MoldDesignID=1378,,
1457,MNM003-MDID-1379,MNM-003,1,1241,1457,ACTIVE,10/20/2014,seed from tblMoldDesign MoldDesignID=1379,,
1458,MNM004-MDID-1380,MNM-004,1,1242,1458,ACTIVE,2/18/2016,seed from tblMoldDesign MoldDesignID=1380,,
1459,MNM005-MDID-1381,MNM-005,1,1243,1459,ACTIVE,5/6/2016,seed from tblMoldDesign MoldDesignID=1381,,
1460,MNM006-MDID-1382,MNM-006,1,1244,1460,ACTIVE,6/11/2016,seed from tblMoldDesign MoldDesignID=1382,,
1461,MOK001-MDID-1383,MOK-001,2,1246,1461,ACTIVE,3/10/2026,seed from tblMoldDesign MoldDesignID=1383,,
1462,MOK003-MDID-1384,MOK-003,2,1247,1462,ACTIVE,10/20/2014,seed from tblMoldDesign MoldDesignID=1384,,
1463,MPL001-MDID-1385,MPL-001,255,1248,1463,ACTIVE,7/28/2021,seed from tblMoldDesign MoldDesignID=1385,,
1464,MRY001-MDID-1386,MRY-001,4,1249,1464,ACTIVE,3/10/2026,seed from tblMoldDesign MoldDesignID=1386,,
1465,MRY002-MDID-1387,MRY-002,4,1250,1465,ACTIVE,3/10/2026,seed from tblMoldDesign MoldDesignID=1387,,
1466,MRY003-MDID-1388,MRY-003,4,1251,1466,ACTIVE,3/10/2026,seed from tblMoldDesign MoldDesignID=1388,,
1467,MRY003PS-MDID-1389,MRY-003PS,4,1251,1467,ACTIVE,3/10/2026,seed from tblMoldDesign MoldDesignID=1389,,
1468,MRY004-MDID-1390,MRY-004,4,1252,1468,ACTIVE,3/10/2026,seed from tblMoldDesign MoldDesignID=1390,,
1469,MRY006-MDID-1391,MRY-006,4,1253,1469,ACTIVE,3/10/2026,seed from tblMoldDesign MoldDesignID=1391,,
1470,MRY007-MDID-1392,MRY-007,4,1254,1470,ACTIVE,3/10/2026,seed from tblMoldDesign MoldDesignID=1392,,
1471,MRY008-MDID-1393,MRY-008,4,1255,1471,ACTIVE,3/10/2026,seed from tblMoldDesign MoldDesignID=1393,,
1472,MRY009-MDID-1394,MRY-009,4,1256,1472,ACTIVE,3/10/2026,seed from tblMoldDesign MoldDesignID=1394,,
1473,MRY010-MDID-1395,MRY-010,4,1257,1473,ACTIVE,3/10/2026,seed from tblMoldDesign MoldDesignID=1395,,
1474,MRY011-MDID-1396,MRY-011,4,1258,1474,ACTIVE,3/10/2026,seed from tblMoldDesign MoldDesignID=1396,,
1475,MRY012-MDID-1397,MRY-012,4,1259,1475,ACTIVE,3/10/2026,seed from tblMoldDesign MoldDesignID=1397,,
1476,MRY013-MDID-1398,MRY-013,4,1260,1476,ACTIVE,3/10/2026,seed from tblMoldDesign MoldDesignID=1398,,
1477,MRY014-MDID-1399,MRY-014,4,1261,1477,ACTIVE,3/10/2026,seed from tblMoldDesign MoldDesignID=1399,,
1478,MRY015-MDID-1400,MRY-015,4,1262,1478,ACTIVE,3/10/2026,seed from tblMoldDesign MoldDesignID=1400,,
1479,MS033-MDID-1401,MS-033,5,4017,1479,ACTIVE,3/10/2026,seed from tblMoldDesign MoldDesignID=1401,,
1480,MS034-MDID-1402,MS-034,5,1263,1480,ACTIVE,3/10/2026,seed from tblMoldDesign MoldDesignID=1402,,
1481,MS042-MDID-1403,MS-042,5,1264,1481,ACTIVE,3/10/2026,seed from tblMoldDesign MoldDesignID=1403,,
1482,MS043-MDID-1404,MS-043,5,1265,1482,ACTIVE,3/10/2026,seed from tblMoldDesign MoldDesignID=1404,,
1483,MSM040-MDID-1405,MSM-040,6,1266,1483,ACTIVE,3/10/2026,seed from tblMoldDesign MoldDesignID=1405,,
1484,MSM044-MDID-1406,MSM-044,6,1267,1484,ACTIVE,3/10/2026,seed from tblMoldDesign MoldDesignID=1406,,
1485,MSM048-MDID-1407,MSM-048,6,1268,1485,ACTIVE,3/10/2026,seed from tblMoldDesign MoldDesignID=1407,,
1486,MSM051-MDID-1408,MSM-051,6,1269,1486,ACTIVE,3/10/2026,seed from tblMoldDesign MoldDesignID=1408,,
1487,MTD001-MDID-1409,MTD-001,7,4018,1487,ACTIVE,3/10/2026,seed from tblMoldDesign MoldDesignID=1409,,
1488,MTD001B-MDID-1410,MTD-001B,7,4018,1488,ACTIVE,3/10/2026,seed from tblMoldDesign MoldDesignID=1410,,
1489,MTD001T-MDID-1411,MTD-001T,7,4018,1489,ACTIVE,3/10/2026,seed from tblMoldDesign MoldDesignID=1411,,
1490,MTD002-MDID-1412,MTD-002,7,1272,1490,ACTIVE,10/20/2014,seed from tblMoldDesign MoldDesignID=1412,,
1491,MTD002AB-MDID-1413,MTD-002AB,7,1272,1491,ACTIVE,3/10/2026,seed from tblMoldDesign MoldDesignID=1413,,
1492,MTE001-MDID-1414,MTE-001,8,1273,1492,ACTIVE,10/20/2014,seed from tblMoldDesign MoldDesignID=1414,,
1493,MTE002-MDID-1415,MTE-002,8,1274,1493,ACTIVE,10/20/2014,seed from tblMoldDesign MoldDesignID=1415,,
1494,MTM-MDID-1416,MTM,9,4020,1494,ACTIVE,10/20/2014,seed from tblMoldDesign MoldDesignID=1416,,
1495,MTM005-MDID-1417,MTM-005,9,4021,1495,ACTIVE,10/20/2014,seed from tblMoldDesign MoldDesignID=1417,,
1496,MTM015-MDID-1418,MTM-015,9,1275,1496,ACTIVE,10/20/2014,seed from tblMoldDesign MoldDesignID=1418,,
1497,MTM015PLUG-MDID-1419,MTM-015PLUG,9,1275,1497,ACTIVE,3/10/2026,seed from tblMoldDesign MoldDesignID=1419,,
1498,MTM026-MDID-1420,MTM-026,9,4022,1498,ACTIVE,10/20/2014,seed from tblMoldDesign MoldDesignID=1420,,
1499,MTM027-MDID-1421,MTM-027,9,4023,1499,ACTIVE,10/20/2014,seed from tblMoldDesign MoldDesignID=1421,,
1500,MTM035-MDID-1422,MTM-035,9,1277,1500,ACTIVE,3/10/2026,seed from tblMoldDesign MoldDesignID=1422,,
1501,MTM044-MDID-1423,MTM-044,9,4024,1501,ACTIVE,10/20/2014,seed from tblMoldDesign MoldDesignID=1423,,
1502,MTM045-MDID-1424,MTM-045,9,4025,1502,ACTIVE,10/20/2014,seed from tblMoldDesign MoldDesignID=1424,,
1503,MTM060-MDID-1425,MTM-060,9,1278,1503,ACTIVE,10/20/2014,seed from tblMoldDesign MoldDesignID=1425,,
1504,MTM074-MDID-1426,MTM-074,9,4026,1504,ACTIVE,10/20/2014,seed from tblMoldDesign MoldDesignID=1426,,
1505,MTM075R-MDID-1427,MTM-075R,9,1279,1505,ACTIVE,10/20/2014,seed from tblMoldDesign MoldDesignID=1427,,
1506,MTM080-MDID-1428,MTM-080,9,4027,1506,ACTIVE,10/20/2014,seed from tblMoldDesign MoldDesignID=1428,,
1507,MTM087-MDID-1429,MTM-087,9,4028,1507,ACTIVE,3/10/2015,seed from tblMoldDesign MoldDesignID=1429,,
1508,MTM106-MDID-1430,MTM-106,9,1280,1508,ACTIVE,8/18/2016,seed from tblMoldDesign MoldDesignID=1430,,
1509,MTM108-MDID-1431,MTM-108,9,4029,1509,ACTIVE,11/14/2016,seed from tblMoldDesign MoldDesignID=1431,,
1510,MTM115-MDID-1432,MTM-115,9,1281,1510,ACTIVE,2/8/2017,seed from tblMoldDesign MoldDesignID=1432,,
1511,MTM129-MDID-1433,MTM-129,9,4030,1511,ACTIVE,11/2/2018,seed from tblMoldDesign MoldDesignID=1433,,
1512,MTM130-MDID-1434,MTM-130,9,4031,1512,ACTIVE,10/18/2018,seed from tblMoldDesign MoldDesignID=1434,,
1513,MTM152-MDID-1435,MTM-152,9,4032,1513,ACTIVE,2/3/2020,seed from tblMoldDesign MoldDesignID=1435,,
1514,MTM155-MDID-1436,MTM-155,9,1282,1514,ACTIVE,6/10/2020,seed from tblMoldDesign MoldDesignID=1436,,
1515,MTM161-MDID-1437,MTM-161,9,4033,1515,ACTIVE,8/30/2021,seed from tblMoldDesign MoldDesignID=1437,,
1516,MTM167VN-MDID-1438,MTM-167 VN,9,1283,1516,ACTIVE,3/10/2026,seed from tblMoldDesign MoldDesignID=1438,,
1517,MTM169-MDID-1439,MTM-169,9,1284,1517,ACTIVE,3/10/2026,seed from tblMoldDesign MoldDesignID=1439,,
1518,MTM170-MDID-1440,MTM-170,9,1285,1518,ACTIVE,3/10/2026,seed from tblMoldDesign MoldDesignID=1440,,
1519,MTM171-MDID-1441,MTM-171,9,1286,1519,ACTIVE,3/10/2026,seed from tblMoldDesign MoldDesignID=1441,,
1520,MTM172-MDID-1442,MTM-172,9,1287,1520,ACTIVE,3/10/2026,seed from tblMoldDesign MoldDesignID=1442,,
1521,MTM172増面-MDID-1443,MTM-172 増面,9,1287,1521,ACTIVE,6/2/2023,seed from tblMoldDesign MoldDesignID=1443,,
1522,MTM173-MDID-1444,MTM-173,9,1288,1522,ACTIVE,3/10/2026,seed from tblMoldDesign MoldDesignID=1444,,
1523,MTM173増面-MDID-1445,MTM-173 増面,9,1288,1523,ACTIVE,6/5/2023,seed from tblMoldDesign MoldDesignID=1445,,
1524,MTM174-MDID-1446,MTM-174,9,37,1524,ACTIVE,3/10/2026,seed from tblMoldDesign MoldDesignID=1446,,
1525,MTM175-MDID-1447,MTM-175,9,1289,1525,ACTIVE,3/10/2026,seed from tblMoldDesign MoldDesignID=1447,,
1526,MTM176-MDID-1448,MTM-176,9,1290,1526,ACTIVE,3/10/2026,seed from tblMoldDesign MoldDesignID=1448,,
1527,MTM177-MDID-1449,MTM-177,9,1291,1527,ACTIVE,3/10/2026,seed from tblMoldDesign MoldDesignID=1449,,
1528,MTM178R6ZM3cav/4cav-MDID-1450,MTM-178 R6 ZM 3cav/4cav,9,1292,1528,ACTIVE,3/10/2026,seed from tblMoldDesign MoldDesignID=1450,,
1529,MTM178DR3-MDID-1451,MTM-178D R3,9,1292,1529,ACTIVE,3/10/2026,seed from tblMoldDesign MoldDesignID=1451,,
1530,MTM178DR6-MDID-1452,MTM-178D R6,9,1292,1530,ACTIVE,3/10/2026,seed from tblMoldDesign MoldDesignID=1452,,
1531,MTM179-MDID-1453,MTM-179,9,1293,1531,ACTIVE,3/10/2026,seed from tblMoldDesign MoldDesignID=1453,,
1532,MTM1793cav.4cavVN-MDID-1454,MTM-179 3cav.4cav VN,9,1293,1532,ACTIVE,3/10/2026,seed from tblMoldDesign MoldDesignID=1454,,
1533,MTM180-MDID-1455,MTM-180,9,1294,1533,ACTIVE,3/10/2026,seed from tblMoldDesign MoldDesignID=1455,,
1534,MTM1803CAV/4CAVVn-MDID-1456,MTM-180 3CAV/4CAV Vn,9,1294,1534,ACTIVE,3/10/2026,seed from tblMoldDesign MoldDesignID=1456,,
1535,MTM181-MDID-1457,MTM-181,9,1295,1535,ACTIVE,3/10/2026,seed from tblMoldDesign MoldDesignID=1457,,
1536,MTM1813CAV/4CAVVn-MDID-1458,MTM-181 3CAV/4CAV Vn,9,1295,1536,ACTIVE,3/10/2026,seed from tblMoldDesign MoldDesignID=1458,,
1537,MTM182R2-MDID-1459,MTM-182 R2,9,1296,1537,ACTIVE,3/10/2026,seed from tblMoldDesign MoldDesignID=1459,,
1538,MTM283x205-MDID-1460,MTM-283x205,9,4020,1538,ACTIVE,3/10/2026,seed from tblMoldDesign MoldDesignID=1460,,
1539,MTMA-MDID-1461,MTM-A,9,4020,1539,ACTIVE,3/10/2026,seed from tblMoldDesign MoldDesignID=1461,,
1540,MTMNoName-MDID-1462,MTM-No Name,9,4020,1540,ACTIVE,3/10/2026,seed from tblMoldDesign MoldDesignID=1462,,
1541,MTR001-MDID-1463,MTR-001,10,4036,1541,ACTIVE,10/20/2014,seed from tblMoldDesign MoldDesignID=1463,,
1542,MTR001R-MDID-1464,MTR-001R,10,4036,1542,ACTIVE,10/20/2014,seed from tblMoldDesign MoldDesignID=1464,,
1543,MTR002-MDID-1465,MTR-002,10,1299,1543,ACTIVE,10/20/2014,seed from tblMoldDesign MoldDesignID=1465,,
1544,MTR003-MDID-1466,MTR-003,10,1300,1544,ACTIVE,10/20/2014,seed from tblMoldDesign MoldDesignID=1466,,
1545,MTR004-MDID-1467,MTR-004,10,4037,1545,ACTIVE,10/20/2014,seed from tblMoldDesign MoldDesignID=1467,,
1546,MTS001-MDID-1468,MTS-001,348,1301,1546,ACTIVE,3/10/2026,seed from tblMoldDesign MoldDesignID=1468,,
1547,MYS002-MDID-1469,MYS-002,11,1302,1547,ACTIVE,10/20/2014,seed from tblMoldDesign MoldDesignID=1469,,
1548,MYS003-MDID-1470,MYS-003,11,1303,1548,ACTIVE,7/25/2017,seed from tblMoldDesign MoldDesignID=1470,,
1549,MYS004-MDID-1471,MYS-004,11,4038,1549,ACTIVE,7/25/2017,seed from tblMoldDesign MoldDesignID=1471,,
1550,MYS005-MDID-1472,MYS-005,11,1304,1550,ACTIVE,2/5/2020,seed from tblMoldDesign MoldDesignID=1472,,
1551,MZT-MDID-1473,MZT,12,1305,1551,ACTIVE,3/10/2026,seed from tblMoldDesign MoldDesignID=1473,,
1552,MZT002-MDID-1474,MZT-002,12,4040,1552,ACTIVE,3/10/2026,seed from tblMoldDesign MoldDesignID=1474,,
1553,MZT006-MDID-1475,MZT-006,12,4041,1553,ACTIVE,3/10/2026,seed from tblMoldDesign MoldDesignID=1475,,
1554,MZT007-MDID-1476,MZT-007,12,1305,1554,ACTIVE,3/10/2026,seed from tblMoldDesign MoldDesignID=1476,,
1555,MZT008-MDID-1477,MZT-008,12,1307,1555,ACTIVE,3/10/2026,seed from tblMoldDesign MoldDesignID=1477,,
1556,MZT009-MDID-1478,MZT-009,12,4042,1556,ACTIVE,3/10/2026,seed from tblMoldDesign MoldDesignID=1478,,
1557,MZT010-MDID-1479,MZT-010,12,4043,1557,ACTIVE,3/10/2026,seed from tblMoldDesign MoldDesignID=1479,,
1558,MZT012-MDID-1480,MZT-012,12,4044,1558,ACTIVE,3/10/2026,seed from tblMoldDesign MoldDesignID=1480,,
1559,MZT013-MDID-1481,MZT-013,12,4045,1559,ACTIVE,3/10/2026,seed from tblMoldDesign MoldDesignID=1481,,
1560,MZT014-MDID-1482,MZT-014,12,4046,1560,ACTIVE,3/10/2026,seed from tblMoldDesign MoldDesignID=1482,,
1561,MZT015-MDID-1483,MZT-015,12,1308,1561,ACTIVE,3/10/2026,seed from tblMoldDesign MoldDesignID=1483,,
1562,MZT016-MDID-1484,MZT-016,12,4047,1562,ACTIVE,3/10/2026,seed from tblMoldDesign MoldDesignID=1484,,
1563,MZT019-MDID-1485,MZT-019,12,4048,1563,ACTIVE,3/10/2026,seed from tblMoldDesign MoldDesignID=1485,,
1564,MZT020-MDID-1486,MZT-020,12,4049,1564,ACTIVE,3/10/2026,seed from tblMoldDesign MoldDesignID=1486,,
1565,MZT032-MDID-1487,MZT-032,12,1309,1565,ACTIVE,3/10/2026,seed from tblMoldDesign MoldDesignID=1487,,
1566,MZT051-MDID-1488,MZT-051,12,1310,1566,ACTIVE,3/10/2026,seed from tblMoldDesign MoldDesignID=1488,,
1567,MZT056-MDID-1489,MZT-056,12,4050,1567,ACTIVE,3/10/2026,seed from tblMoldDesign MoldDesignID=1489,,
1568,MZT057-MDID-1490,MZT-057,12,4051,1568,ACTIVE,3/10/2026,seed from tblMoldDesign MoldDesignID=1490,,
1569,MZT060-MDID-1491,MZT-060,12,4052,1569,ACTIVE,3/10/2026,seed from tblMoldDesign MoldDesignID=1491,,
1570,MZT063-MDID-1492,MZT-063,12,1311,1570,ACTIVE,3/10/2026,seed from tblMoldDesign MoldDesignID=1492,,
1571,MZT068-MDID-1493,MZT-068,12,1312,1571,ACTIVE,3/10/2026,seed from tblMoldDesign MoldDesignID=1493,,
1572,MZT069-MDID-1494,MZT-069,12,1313,1572,ACTIVE,3/10/2026,seed from tblMoldDesign MoldDesignID=1494,,
1573,MZT070-MDID-1495,MZT-070,12,1314,1573,ACTIVE,3/10/2026,seed from tblMoldDesign MoldDesignID=1495,,
1574,MZT073-MDID-1496,MZT-073,12,1315,1574,ACTIVE,3/10/2026,seed from tblMoldDesign MoldDesignID=1496,,
1575,MZT074-MDID-1497,MZT-074,12,1316,1575,ACTIVE,3/10/2026,seed from tblMoldDesign MoldDesignID=1497,,
1576,MZT078-MDID-1498,MZT-078,12,1317,1576,ACTIVE,3/10/2026,seed from tblMoldDesign MoldDesignID=1498,,
1577,MZT079-MDID-1499,MZT-079,12,4053,1577,ACTIVE,3/10/2026,seed from tblMoldDesign MoldDesignID=1499,,
1578,MZT080-MDID-1500,MZT-080,12,1318,1578,ACTIVE,3/10/2026,seed from tblMoldDesign MoldDesignID=1500,,
1579,MZT081-MDID-1501,MZT-081,12,1319,1579,ACTIVE,3/10/2026,seed from tblMoldDesign MoldDesignID=1501,,
1580,MZT082-MDID-1502,MZT-082,12,1320,1580,ACTIVE,3/10/2026,seed from tblMoldDesign MoldDesignID=1502,,
1581,MZT083-MDID-1503,MZT-083,12,1321,1581,ACTIVE,3/10/2026,seed from tblMoldDesign MoldDesignID=1503,,
1582,MZT084-MDID-1504,MZT-084,12,1322,1582,ACTIVE,3/10/2026,seed from tblMoldDesign MoldDesignID=1504,,
1583,MZT086-MDID-1505,MZT-086,12,1323,1583,ACTIVE,3/10/2026,seed from tblMoldDesign MoldDesignID=1505,,
1584,MZT087-MDID-1506,MZT-087,12,1324,1584,ACTIVE,3/10/2026,seed from tblMoldDesign MoldDesignID=1506,,
1585,MZT089-MDID-1507,MZT-089,12,1325,1585,ACTIVE,3/10/2026,seed from tblMoldDesign MoldDesignID=1507,,
1586,MZT090-MDID-1508,MZT-090,12,1326,1586,ACTIVE,3/10/2026,seed from tblMoldDesign MoldDesignID=1508,,
1587,MZT091-MDID-1509,MZT-091,12,1327,1587,ACTIVE,3/10/2026,seed from tblMoldDesign MoldDesignID=1509,,
1588,MZT092-MDID-1510,MZT-092,12,1328,1588,ACTIVE,3/10/2026,seed from tblMoldDesign MoldDesignID=1510,,
1589,MZT093-MDID-1511,MZT-093,12,1329,1589,ACTIVE,3/10/2026,seed from tblMoldDesign MoldDesignID=1511,,
1590,MZT099-MDID-1512,MZT-099,12,1330,1590,ACTIVE,3/10/2026,seed from tblMoldDesign MoldDesignID=1512,,
1591,MZT100-MDID-1513,MZT-100,12,1331,1591,ACTIVE,3/10/2026,seed from tblMoldDesign MoldDesignID=1513,,
1592,MZT101-MDID-1514,MZT-101,12,1332,1592,ACTIVE,3/10/2026,seed from tblMoldDesign MoldDesignID=1514,,
1593,MZT102-MDID-1515,MZT-102,12,1333,1593,ACTIVE,3/10/2026,seed from tblMoldDesign MoldDesignID=1515,,
1594,MZT103-MDID-1516,MZT-103,12,1334,1594,ACTIVE,3/10/2026,seed from tblMoldDesign MoldDesignID=1516,,
1595,MZT105-MDID-1517,MZT-105,12,1335,1595,ACTIVE,3/10/2026,seed from tblMoldDesign MoldDesignID=1517,,
1596,MZT106-MDID-1518,MZT-106,12,1336,1596,ACTIVE,3/10/2026,seed from tblMoldDesign MoldDesignID=1518,,
1597,MZT107-MDID-1519,MZT-107,12,1337,1597,ACTIVE,3/10/2026,seed from tblMoldDesign MoldDesignID=1519,,
1598,MZT108-MDID-1520,MZT-108,12,1338,1598,ACTIVE,3/10/2026,seed from tblMoldDesign MoldDesignID=1520,,
1599,MZT108CUTTER-MDID-1521,MZT-108 CUTTER,12,1338,1599,ACTIVE,3/10/2026,seed from tblMoldDesign MoldDesignID=1521,,
1600,MZT109-MDID-1522,MZT-109,12,1340,1600,ACTIVE,3/10/2026,seed from tblMoldDesign MoldDesignID=1522,,
1601,MZT110-MDID-1523,MZT-110,12,4054,1601,ACTIVE,3/10/2026,seed from tblMoldDesign MoldDesignID=1523,,
1602,MZT111-MDID-1524,MZT-111,12,1341,1602,ACTIVE,3/10/2026,seed from tblMoldDesign MoldDesignID=1524,,
1603,MZT112-MDID-1525,MZT-112,12,1342,1603,ACTIVE,3/10/2026,seed from tblMoldDesign MoldDesignID=1525,,
1604,MZT112新-MDID-1526,MZT-112新,12,1342,1604,ACTIVE,3/10/2026,seed from tblMoldDesign MoldDesignID=1526,,
1605,MZT113-MDID-1527,MZT-113,12,1343,1605,ACTIVE,3/10/2026,seed from tblMoldDesign MoldDesignID=1527,,
1606,MZT114-MDID-1528,MZT-114,12,1344,1606,ACTIVE,3/10/2026,seed from tblMoldDesign MoldDesignID=1528,,
1607,MZT115-MDID-1529,MZT-115,12,1345,1607,ACTIVE,3/10/2026,seed from tblMoldDesign MoldDesignID=1529,,
1608,MZT116-MDID-1530,MZT-116,12,1346,1608,ACTIVE,3/10/2026,seed from tblMoldDesign MoldDesignID=1530,,
1609,MZT117-MDID-1531,MZT-117,12,1347,1609,ACTIVE,3/10/2026,seed from tblMoldDesign MoldDesignID=1531,,
1610,MZT118-MDID-1532,MZT-118,12,1348,1610,ACTIVE,3/10/2026,seed from tblMoldDesign MoldDesignID=1532,,
1611,MZT128-MDID-1533,MZT-128,12,1349,1611,ACTIVE,3/10/2026,seed from tblMoldDesign MoldDesignID=1533,,
1612,MZT129-MDID-1534,MZT-129,12,1350,1612,ACTIVE,3/10/2026,seed from tblMoldDesign MoldDesignID=1534,,
1613,MZT130-MDID-1535,MZT-130,12,1351,1613,ACTIVE,3/10/2026,seed from tblMoldDesign MoldDesignID=1535,,
1614,MZT131-MDID-1536,MZT-131,12,1352,1614,ACTIVE,3/10/2026,seed from tblMoldDesign MoldDesignID=1536,,
1615,MZT132-MDID-1537,MZT-132,12,1353,1615,ACTIVE,3/10/2026,seed from tblMoldDesign MoldDesignID=1537,,
1616,MZT133-MDID-1538,MZT-133,12,1354,1616,ACTIVE,3/10/2026,seed from tblMoldDesign MoldDesignID=1538,,
1617,MZT134-MDID-1539,MZT-134,12,1355,1617,ACTIVE,3/10/2026,seed from tblMoldDesign MoldDesignID=1539,,
1618,MZT135-MDID-1540,MZT-135,12,1356,1618,ACTIVE,3/10/2026,seed from tblMoldDesign MoldDesignID=1540,,
1619,MZT136-MDID-1541,MZT-136,12,1357,1619,ACTIVE,3/10/2026,seed from tblMoldDesign MoldDesignID=1541,,
1620,MZT137-MDID-1542,MZT-137,12,1358,1620,ACTIVE,3/10/2026,seed from tblMoldDesign MoldDesignID=1542,,
1621,MZT138-MDID-1543,MZT-138,12,1359,1621,ACTIVE,3/10/2026,seed from tblMoldDesign MoldDesignID=1543,,
1622,MZT139-MDID-1544,MZT-139,12,1360,1622,ACTIVE,3/10/2026,seed from tblMoldDesign MoldDesignID=1544,,
1623,MZT140-MDID-1545,MZT-140,12,4056,1623,ACTIVE,3/10/2026,seed from tblMoldDesign MoldDesignID=1545,,
1624,MZT142-MDID-1546,MZT-142,12,1361,1624,ACTIVE,3/10/2026,seed from tblMoldDesign MoldDesignID=1546,,
1625,MZT143-MDID-1547,MZT-143,12,1362,1625,ACTIVE,3/10/2026,seed from tblMoldDesign MoldDesignID=1547,,
1626,MZT144-MDID-1548,MZT-144,12,1363,1626,ACTIVE,3/10/2026,seed from tblMoldDesign MoldDesignID=1548,,
1627,MZT145-MDID-1549,MZT-145,12,4057,1627,ACTIVE,3/10/2026,seed from tblMoldDesign MoldDesignID=1549,,
1628,MZTNoName-MDID-1550,MZT-NoName,12,1305,1628,ACTIVE,3/10/2026,seed from tblMoldDesign MoldDesignID=1550,,
1629,MZT無印-MDID-1551,MZT-無印,12,1305,1629,ACTIVE,3/10/2026,seed from tblMoldDesign MoldDesignID=1551,,
1630,NA001-MDID-1552,NA-001,13,1366,1630,ACTIVE,3/10/2026,seed from tblMoldDesign MoldDesignID=1552,,
1631,NAC001-MDID-1553,NAC-001,14,1367,1631,ACTIVE,3/4/2015,seed from tblMoldDesign MoldDesignID=1553,,
1632,NCD001-MDID-1554,NCD-001,297,1368,1632,ACTIVE,8/7/2017,seed from tblMoldDesign MoldDesignID=1554,,
1633,NEC-MDID-1556,NEC,15,4058,1633,ACTIVE,10/20/2014,seed from tblMoldDesign MoldDesignID=1556,,
1634,NEC001B-MDID-1557,NEC-001B,15,1370,1634,ACTIVE,10/20/2014,seed from tblMoldDesign MoldDesignID=1557,,
1635,NEC001T-MDID-1558,NEC-001T,15,1370,1635,ACTIVE,3/10/2026,seed from tblMoldDesign MoldDesignID=1558,,
1636,NEC002B-MDID-1559,NEC-002B,15,1372,1636,ACTIVE,3/10/2026,seed from tblMoldDesign MoldDesignID=1559,,
1637,NEC002T-MDID-1560,NEC-002T,15,1372,1637,ACTIVE,3/10/2026,seed from tblMoldDesign MoldDesignID=1560,,
1638,NEC007-MDID-1561,NEC-007,15,1374,1638,ACTIVE,10/20/2014,seed from tblMoldDesign MoldDesignID=1561,,
1639,NEC007R-MDID-1562,NEC-007R,15,1374,1639,ACTIVE,10/20/2014,seed from tblMoldDesign MoldDesignID=1562,,
1640,NEC008-MDID-1563,NEC-008,15,1376,1640,ACTIVE,10/20/2014,seed from tblMoldDesign MoldDesignID=1563,,
1641,NEC009-MDID-1564,NEC-009,15,2958,1641,ACTIVE,10/20/2014,seed from tblMoldDesign MoldDesignID=1564,,
1642,NEC009B-MDID-1565,NEC-009B,15,2958,1642,ACTIVE,10/20/2014,seed from tblMoldDesign MoldDesignID=1565,,
1643,NEC009Bxx-MDID-1566,NEC-009B xx,15,2958,1643,ACTIVE,3/10/2026,seed from tblMoldDesign MoldDesignID=1566,,
1644,NEC009T-MDID-1567,NEC-009T,15,2958,1644,ACTIVE,3/10/2026,seed from tblMoldDesign MoldDesignID=1567,,
1645,NEC009T3-MDID-1568,NEC-009T 3,15,2958,1645,ACTIVE,3/10/2026,seed from tblMoldDesign MoldDesignID=1568,,
1646,NEC009Txx-MDID-1569,NEC-009T xx,15,2958,1646,ACTIVE,3/10/2026,seed from tblMoldDesign MoldDesignID=1569,,
1647,NEC010-MDID-1570,NEC-010,15,1382,1647,ACTIVE,10/20/2014,seed from tblMoldDesign MoldDesignID=1570,,
1648,NEC011B-MDID-1571,NEC-011B,15,1383,1648,ACTIVE,10/20/2014,seed from tblMoldDesign MoldDesignID=1571,,
1649,NEC011T-MDID-1572,NEC-011T,15,1383,1649,ACTIVE,3/10/2026,seed from tblMoldDesign MoldDesignID=1572,,
1650,NEC012B-MDID-1573,NEC-012B,15,1385,1650,ACTIVE,10/20/2014,seed from tblMoldDesign MoldDesignID=1573,,
1651,NEC013-MDID-1574,NEC-013,15,1386,1651,ACTIVE,10/20/2014,seed from tblMoldDesign MoldDesignID=1574,,
1652,NEC014R-MDID-1575,NEC-014R,15,1387,1652,ACTIVE,10/20/2014,seed from tblMoldDesign MoldDesignID=1575,,
1653,NEC016-MDID-1576,NEC-016,15,1388,1653,ACTIVE,10/22/2018,seed from tblMoldDesign MoldDesignID=1576,,
1654,NEC017-MDID-1577,NEC-017,15,1389,1654,ACTIVE,10/22/2018,seed from tblMoldDesign MoldDesignID=1577,,
1655,NFC001-MDID-1578,NFC-001,16,4059,1655,ACTIVE,5/31/2019,seed from tblMoldDesign MoldDesignID=1578,,
1656,NFC001ASANOPLATE-MDID-1579,NFC-001 ASANO PLATE,16,4059,1656,ACTIVE,3/10/2026,seed from tblMoldDesign MoldDesignID=1579,,
1657,NFC001追加工・治具-MDID-1580,NFC-001追加工・治具,16,1390,1657,ACTIVE,3/10/2026,seed from tblMoldDesign MoldDesignID=1580,,
1658,NFC002-MDID-1581,NFC-002,16,1392,1658,ACTIVE,7/7/2021,seed from tblMoldDesign MoldDesignID=1581,,
1659,NGK001-MDID-1582,NGK-001,17,1393,1659,ACTIVE,10/20/2014,seed from tblMoldDesign MoldDesignID=1582,,
1660,NGK002-MDID-1583,NGK-002,17,1394,1660,ACTIVE,10/20/2014,seed from tblMoldDesign MoldDesignID=1583,,
1661,NGK003-MDID-1584,NGK-003,17,1395,1661,ACTIVE,8/19/2015,seed from tblMoldDesign MoldDesignID=1584,,
1662,NGS001-MDID-1585,NGS-001,18,1396,1662,ACTIVE,3/10/2026,seed from tblMoldDesign MoldDesignID=1585,,
1663,NGS002-MDID-1586,NGS-002,18,1397,1663,ACTIVE,10/20/2014,seed from tblMoldDesign MoldDesignID=1586,,
1664,NGS003-MDID-1587,NGS-003,18,1398,1664,ACTIVE,10/20/2014,seed from tblMoldDesign MoldDesignID=1587,,
1665,NGS004-MDID-1588,NGS-004,18,1399,1665,ACTIVE,10/20/2014,seed from tblMoldDesign MoldDesignID=1588,,
1666,NGS005B-MDID-1589,NGS-005B,18,1400,1666,ACTIVE,10/20/2014,seed from tblMoldDesign MoldDesignID=1589,,
1667,NGS005T-MDID-1590,NGS-005T,18,1400,1667,ACTIVE,10/20/2014,seed from tblMoldDesign MoldDesignID=1590,,
1668,NGS006-MDID-1591,NGS-006,18,1402,1668,ACTIVE,10/20/2014,seed from tblMoldDesign MoldDesignID=1591,,
1669,NGS007-MDID-1592,NGS-007,18,1403,1669,ACTIVE,10/20/2014,seed from tblMoldDesign MoldDesignID=1592,,
1670,NGS008-MDID-1593,NGS-008,18,1404,1670,ACTIVE,10/20/2014,seed from tblMoldDesign MoldDesignID=1593,,
1671,NGS009-MDID-1594,NGS-009,18,1405,1671,ACTIVE,10/20/2014,seed from tblMoldDesign MoldDesignID=1594,,
1672,NGS010-MDID-1595,NGS-010,18,1406,1672,ACTIVE,10/20/2014,seed from tblMoldDesign MoldDesignID=1595,,
1673,NGS011-MDID-1596,NGS-011,18,1407,1673,ACTIVE,10/20/2014,seed from tblMoldDesign MoldDesignID=1596,,
1674,NGS012-MDID-1597,NGS-012,18,1408,1674,ACTIVE,10/20/2014,seed from tblMoldDesign MoldDesignID=1597,,
1675,NGS013-MDID-1598,NGS-013,18,1409,1675,ACTIVE,10/20/2014,seed from tblMoldDesign MoldDesignID=1598,,
1676,NGS013AB-MDID-1599,NGS-013AB,18,1409,1676,ACTIVE,10/20/2014,seed from tblMoldDesign MoldDesignID=1599,,
1677,NGS014-MDID-1600,NGS-014,18,1410,1677,ACTIVE,4/9/2018,seed from tblMoldDesign MoldDesignID=1600,,
1678,NGS015-MDID-1601,NGS-015,18,1411,1678,ACTIVE,3/10/2026,seed from tblMoldDesign MoldDesignID=1601,,
1679,NGS016?-MDID-1602,NGS-016?,18,1412,1679,ACTIVE,3/10/2026,seed from tblMoldDesign MoldDesignID=1602,,
1680,NGS016-MDID-1603,NGS-016,18,1412,1680,ACTIVE,3/10/2026,seed from tblMoldDesign MoldDesignID=1603,,
1681,NGS017D-MDID-1604,NGS-017D,18,1413,1681,ACTIVE,3/10/2026,seed from tblMoldDesign MoldDesignID=1604,,
1682,NGS017R2-MDID-1605,NGS-017　R2,18,1413,1682,ACTIVE,3/10/2026,seed from tblMoldDesign MoldDesignID=1605,,
1683,NGT001-MDID-1606,NGT-001,19,1414,1683,ACTIVE,10/20/2014,seed from tblMoldDesign MoldDesignID=1606,,
1684,NGT005-MDID-1607,NGT-005,19,1415,1684,ACTIVE,6/18/2019,seed from tblMoldDesign MoldDesignID=1607,,
1685,NGT007-MDID-1608,NGT-007,19,1416,1685,ACTIVE,2/21/2020,seed from tblMoldDesign MoldDesignID=1608,,
1686,NGT008-MDID-1609,NGT-008,19,1417,1686,ACTIVE,12/15/2020,seed from tblMoldDesign MoldDesignID=1609,,
1687,NGT011-MDID-1610,NGT-011,19,1418,1687,ACTIVE,3/10/2026,seed from tblMoldDesign MoldDesignID=1610,,
1688,NGT012-MDID-1611,NGT-012,19,1419,1688,ACTIVE,3/10/2026,seed from tblMoldDesign MoldDesignID=1611,,
1689,NHC001-MDID-1612,NHC-001,20,1420,1689,ACTIVE,10/20/2014,seed from tblMoldDesign MoldDesignID=1612,,
1690,NHC002-MDID-1613,NHC-002,20,1421,1690,ACTIVE,10/13/2017,seed from tblMoldDesign MoldDesignID=1613,,
1691,NHC003-MDID-1614,NHC-003,20,1422,1691,ACTIVE,10/24/2017,seed from tblMoldDesign MoldDesignID=1614,,
1692,NHC006-MDID-1615,NHC-006,20,1423,1692,ACTIVE,3/10/2026,seed from tblMoldDesign MoldDesignID=1615,,
1693,NHC007-MDID-1616,NHC-007,20,1424,1693,ACTIVE,3/10/2026,seed from tblMoldDesign MoldDesignID=1616,,
1694,NHC008-MDID-1617,NHC-008,20,1425,1694,ACTIVE,3/10/2026,seed from tblMoldDesign MoldDesignID=1617,,
1695,NHK001-MDID-1618,NHK-001,21,4061,1695,ACTIVE,4/23/2019,seed from tblMoldDesign MoldDesignID=1618,,
1696,NHK002-MDID-1619,NHK-002,21,1426,1696,ACTIVE,4/17/2019,seed from tblMoldDesign MoldDesignID=1619,,
1697,NHK005210x160-MDID-1620,NHK-005 210x160,21,1427,1697,ACTIVE,3/10/2026,seed from tblMoldDesign MoldDesignID=1620,,
1698,NHK006470x-MDID-1621,NHK-006 470x,21,1428,1698,ACTIVE,12/11/2019,seed from tblMoldDesign MoldDesignID=1621,,
1699,NHK009-MDID-1622,NHK-009,21,4062,1699,ACTIVE,9/15/2020,seed from tblMoldDesign MoldDesignID=1622,,
1700,NHK012-MDID-1623,NHK-012,21,1429,1700,ACTIVE,2/2/2021,seed from tblMoldDesign MoldDesignID=1623,,
1701,NIT001-MDID-1624,NIT-001,22,1430,1701,ACTIVE,3/10/2026,seed from tblMoldDesign MoldDesignID=1624,,
1702,NIT002-MDID-1625,NIT-002,22,1431,1702,ACTIVE,3/10/2026,seed from tblMoldDesign MoldDesignID=1625,,
1703,NIT003-MDID-1626,NIT-003,22,1432,1703,ACTIVE,3/10/2026,seed from tblMoldDesign MoldDesignID=1626,,
1704,NIT004-MDID-1627,NIT-004,22,1433,1704,ACTIVE,3/10/2026,seed from tblMoldDesign MoldDesignID=1627,,
1705,NIT006-MDID-1628,NIT-006,22,1434,1705,ACTIVE,3/10/2026,seed from tblMoldDesign MoldDesignID=1628,,
1706,NIT007-MDID-1629,NIT-007,22,1435,1706,ACTIVE,10/20/2014,seed from tblMoldDesign MoldDesignID=1629,,
1707,NIT008-MDID-1630,NIT-008,22,1436,1707,ACTIVE,10/20/2014,seed from tblMoldDesign MoldDesignID=1630,,
1708,NKI003-MDID-1631,NKI-003,23,1437,1708,ACTIVE,10/20/2014,seed from tblMoldDesign MoldDesignID=1631,,
1709,NKI004-MDID-1632,NKI-004,23,1438,1709,ACTIVE,10/20/2014,seed from tblMoldDesign MoldDesignID=1632,,
1710,NKI005-MDID-1633,NKI-005,23,1439,1710,ACTIVE,10/20/2014,seed from tblMoldDesign MoldDesignID=1633,,
1711,NKI007-MDID-1634,NKI-007,23,1440,1711,ACTIVE,10/20/2014,seed from tblMoldDesign MoldDesignID=1634,,
1712,NKP001-MDID-1635,NKP-001,259,1441,1712,ACTIVE,10/20/2014,seed from tblMoldDesign MoldDesignID=1635,,
1713,NKP002-MDID-1636,NKP-002,259,1442,1713,ACTIVE,10/20/2014,seed from tblMoldDesign MoldDesignID=1636,,
1714,NML001-MDID-1637,NML-001,24,1443,1714,ACTIVE,10/20/2014,seed from tblMoldDesign MoldDesignID=1637,,
1715,NML001(210x160)-MDID-1638,NML-001(210x160),24,1443,1715,ACTIVE,3/10/2026,seed from tblMoldDesign MoldDesignID=1638,,
1716,NML002-MDID-1639,NML-002,24,1445,1716,ACTIVE,10/20/2014,seed from tblMoldDesign MoldDesignID=1639,,
1717,NML003-MDID-1640,NML-003,24,1446,1717,ACTIVE,10/20/2014,seed from tblMoldDesign MoldDesignID=1640,,
1718,NML004-MDID-1641,NML-004,24,1447,1718,ACTIVE,4/20/2015,seed from tblMoldDesign MoldDesignID=1641,,
1719,NML005-MDID-1642,NML-005,24,1448,1719,ACTIVE,4/20/2015,seed from tblMoldDesign MoldDesignID=1642,,
1720,NML006-MDID-1643,NML-006,24,1449,1720,ACTIVE,8/11/2015,seed from tblMoldDesign MoldDesignID=1643,,
1721,NML007-MDID-1644,NML-007,24,1450,1721,ACTIVE,8/11/2015,seed from tblMoldDesign MoldDesignID=1644,,
1722,NML008-MDID-1645,NML-008,24,1451,1722,ACTIVE,12/15/2016,seed from tblMoldDesign MoldDesignID=1645,,
1723,NNP001-MDID-1646,NNP-001,249,1452,1723,ACTIVE,9/25/2017,seed from tblMoldDesign MoldDesignID=1646,,
1724,NoName-MDID-1647,No Name,245,1453,1724,ACTIVE,3/10/2026,seed from tblMoldDesign MoldDesignID=1647,,
1725,EXD021-MDID-1648,EXD-021,245,,1725,ACTIVE,3/10/2026,seed from tblMoldDesign MoldDesignID=1648,,
1726,NoName(大）-MDID-1649,No Name-(大）,245,1453,1726,ACTIVE,3/10/2026,seed from tblMoldDesign MoldDesignID=1649,,
1727,NoName015210x160-MDID-1650,No Name-015 210x160,245,1453,1727,ACTIVE,3/10/2026,seed from tblMoldDesign MoldDesignID=1650,,
1728,16POCKETS-MDID-1651,16POCKETS,244,1453,1728,ACTIVE,3/10/2026,seed from tblMoldDesign MoldDesignID=1651,,
1729,NoName147x-MDID-1652,No Name-147x,245,1453,1729,ACTIVE,3/10/2026,seed from tblMoldDesign MoldDesignID=1652,,
1730,NoName175x340-MDID-1653,No Name-175x340,245,1453,1730,ACTIVE,3/10/2026,seed from tblMoldDesign MoldDesignID=1653,,
1731,NoName200x-MDID-1654,No Name-200x,245,1453,1731,ACTIVE,3/10/2026,seed from tblMoldDesign MoldDesignID=1654,,
1732,NoName200x560-MDID-1655,No Name-200x560,245,1453,1732,ACTIVE,3/10/2026,seed from tblMoldDesign MoldDesignID=1655,,
1733,NoName210x160-MDID-1656,No Name-210x160,245,1453,1733,ACTIVE,3/10/2026,seed from tblMoldDesign MoldDesignID=1656,,
1734,NoName299x?-MDID-1657,No Name-299x?,245,1453,1734,ACTIVE,3/10/2026,seed from tblMoldDesign MoldDesignID=1657,,
1735,NoName34?-MDID-1658,No Name-34?,245,1453,1735,ACTIVE,3/10/2026,seed from tblMoldDesign MoldDesignID=1658,,
1736,NoName385x265x(40)-MDID-1659,No Name-385x265x(40),245,1453,1736,ACTIVE,3/10/2026,seed from tblMoldDesign MoldDesignID=1659,,
1737,NoName405x?-MDID-1660,No Name-405x?,245,1453,1737,ACTIVE,3/10/2026,seed from tblMoldDesign MoldDesignID=1660,,
1738,NoName405x?SSJ?-MDID-1661,No Name-405x? SSJ?,245,1453,1738,ACTIVE,3/10/2026,seed from tblMoldDesign MoldDesignID=1661,,
1739,NoName45x347x-MDID-1662,No Name-45x347x,245,1453,1739,ACTIVE,3/10/2026,seed from tblMoldDesign MoldDesignID=1662,,
1740,NoName4面-MDID-1663,No Name-4面,245,1453,1740,ACTIVE,3/10/2026,seed from tblMoldDesign MoldDesignID=1663,,
1741,NoName540x420x(40)-MDID-1664,No Name-540x420x(40),245,1453,1741,ACTIVE,3/10/2026,seed from tblMoldDesign MoldDesignID=1664,,
1742,NoName570x380x(35)-MDID-1665,No Name-570x380x(35),245,1453,1742,ACTIVE,3/10/2026,seed from tblMoldDesign MoldDesignID=1665,,
1743,NoNameD?-MDID-1666,No Name-D?,245,1453,1743,ACTIVE,3/10/2026,seed from tblMoldDesign MoldDesignID=1666,,
1744,NoNameMS>385x265-MDID-1667,No Name-M-S -> 385x265,245,1453,1744,ACTIVE,3/10/2026,seed from tblMoldDesign MoldDesignID=1667,,
1745,NoNameNoNumber1-MDID-1668,No Name-No Number1,245,1453,1745,ACTIVE,3/10/2026,seed from tblMoldDesign MoldDesignID=1668,,
1746,NoNameSSJ?-MDID-1669,No Name-SSJ?,245,1453,1746,ACTIVE,3/10/2026,seed from tblMoldDesign MoldDesignID=1669,,
1747,NoNameストッパー-MDID-1670,No Name-ストッパー,245,1453,1747,ACTIVE,3/10/2026,seed from tblMoldDesign MoldDesignID=1670,,
1748,NoNameダウンライト枠通箱トレイ-MDID-1671,No Name-ダウンライト枠通箱トレイ,245,1453,1748,ACTIVE,3/10/2026,seed from tblMoldDesign MoldDesignID=1671,,
1749,NoName台湾機用-MDID-1672,No Name-台湾機用,245,1453,1749,ACTIVE,3/10/2026,seed from tblMoldDesign MoldDesignID=1672,,
1750,NPC003-MDID-1673,NPC-003,25,1454,1750,ACTIVE,3/10/2026,seed from tblMoldDesign MoldDesignID=1673,,
1751,NPC011-MDID-1674,NPC-011,25,1455,1751,ACTIVE,3/10/2026,seed from tblMoldDesign MoldDesignID=1674,,
1752,NPC013-MDID-1675,NPC-013,25,1456,1752,ACTIVE,10/20/2014,seed from tblMoldDesign MoldDesignID=1675,,
1753,NPC014-MDID-1676,NPC-014,25,1457,1753,ACTIVE,3/10/2026,seed from tblMoldDesign MoldDesignID=1676,,
1754,NPCT010-MDID-1677,NPC-T010,25,1458,1754,ACTIVE,3/10/2026,seed from tblMoldDesign MoldDesignID=1677,,
1755,NPCT032-MDID-1678,NPC-T032,25,1459,1755,ACTIVE,3/10/2026,seed from tblMoldDesign MoldDesignID=1678,,
1756,NPK001-MDID-1680,NPK-001,267,2951,1756,ACTIVE,10/20/2014,seed from tblMoldDesign MoldDesignID=1680,,
1757,NPKtest?-MDID-1681,NPK-test?,267,1461,1757,ACTIVE,3/10/2026,seed from tblMoldDesign MoldDesignID=1681,,
1758,NPR001-MDID-1682,NPR-001,271,1462,1758,ACTIVE,10/20/2014,seed from tblMoldDesign MoldDesignID=1682,,
1759,NPR002-MDID-1683,NPR-002,271,1463,1759,ACTIVE,3/10/2026,seed from tblMoldDesign MoldDesignID=1683,,
1760,NPR003-MDID-1684,NPR-003,271,1464,1760,ACTIVE,3/10/2026,seed from tblMoldDesign MoldDesignID=1684,,
1761,NRK001-MDID-1685,NRK-001,26,1465,1761,ACTIVE,3/10/2026,seed from tblMoldDesign MoldDesignID=1685,,
1762,NRK002-MDID-1686,NRK-002,26,1466,1762,ACTIVE,3/10/2026,seed from tblMoldDesign MoldDesignID=1686,,
1763,NRK004-MDID-1687,NRK-004,26,1467,1763,ACTIVE,3/10/2026,seed from tblMoldDesign MoldDesignID=1687,,
1764,NRK005-MDID-1688,NRK-005,26,1468,1764,ACTIVE,3/10/2026,seed from tblMoldDesign MoldDesignID=1688,,
1765,NRK007-MDID-1689,NRK-007,26,1469,1765,ACTIVE,3/10/2026,seed from tblMoldDesign MoldDesignID=1689,,
1766,NRK008-MDID-1690,NRK-008,26,1470,1766,ACTIVE,3/10/2026,seed from tblMoldDesign MoldDesignID=1690,,
1767,NRK009-MDID-1691,NRK-009,26,4089,1767,ACTIVE,3/10/2026,seed from tblMoldDesign MoldDesignID=1691,,
1768,NRK010-MDID-1692,NRK-010,26,1471,1768,ACTIVE,3/10/2026,seed from tblMoldDesign MoldDesignID=1692,,
1769,NRK011-MDID-1693,NRK-011,26,1472,1769,ACTIVE,3/10/2026,seed from tblMoldDesign MoldDesignID=1693,,
1770,NRK012-MDID-1694,NRK-012,26,1473,1770,ACTIVE,3/10/2026,seed from tblMoldDesign MoldDesignID=1694,,
1771,NRK013R-MDID-1695,NRK-013R,26,1474,1771,ACTIVE,3/10/2026,seed from tblMoldDesign MoldDesignID=1695,,
1772,NRK022R-MDID-1696,NRK-022R,26,1475,1772,ACTIVE,3/10/2026,seed from tblMoldDesign MoldDesignID=1696,,
1773,NRK024-MDID-1697,NRK-024,26,1476,1773,ACTIVE,3/10/2026,seed from tblMoldDesign MoldDesignID=1697,,
1774,NRK025-MDID-1698,NRK-025,26,1477,1774,ACTIVE,3/10/2026,seed from tblMoldDesign MoldDesignID=1698,,
1775,NRK026-MDID-1699,NRK-026,26,1478,1775,ACTIVE,3/10/2026,seed from tblMoldDesign MoldDesignID=1699,,
1776,NRK030-MDID-1700,NRK-030,26,1479,1776,ACTIVE,3/10/2026,seed from tblMoldDesign MoldDesignID=1700,,
1777,NRK031-MDID-1701,NRK-031,26,4090,1777,ACTIVE,3/10/2026,seed from tblMoldDesign MoldDesignID=1701,,
1778,NRK032-MDID-1702,NRK-032,26,1480,1778,ACTIVE,3/10/2026,seed from tblMoldDesign MoldDesignID=1702,,
1779,NRK034-MDID-1703,NRK-034,26,1481,1779,ACTIVE,3/10/2026,seed from tblMoldDesign MoldDesignID=1703,,
1780,NRK035-MDID-1704,NRK-035,26,1482,1780,ACTIVE,3/10/2026,seed from tblMoldDesign MoldDesignID=1704,,
1781,NRK037-MDID-1705,NRK-037,26,1483,1781,ACTIVE,3/10/2026,seed from tblMoldDesign MoldDesignID=1705,,
1782,NRK038-MDID-1706,NRK-038,26,1484,1782,ACTIVE,3/10/2026,seed from tblMoldDesign MoldDesignID=1706,,
1783,NRK039-MDID-1707,NRK-039,26,1485,1783,ACTIVE,3/10/2026,seed from tblMoldDesign MoldDesignID=1707,,
1784,NRK042-MDID-1708,NRK-042,26,1486,1784,ACTIVE,3/10/2026,seed from tblMoldDesign MoldDesignID=1708,,
1785,NRK043-MDID-1709,NRK-043,26,1487,1785,ACTIVE,3/10/2026,seed from tblMoldDesign MoldDesignID=1709,,
1786,NRK044-MDID-1710,NRK-044,26,1488,1786,ACTIVE,3/10/2026,seed from tblMoldDesign MoldDesignID=1710,,
1787,NRK046-MDID-1711,NRK-046,26,1489,1787,ACTIVE,10/20/2014,seed from tblMoldDesign MoldDesignID=1711,,
1788,NSE001-MDID-1712,NSE-001,27,1490,1788,ACTIVE,10/20/2014,seed from tblMoldDesign MoldDesignID=1712,,
1789,NSE002-MDID-1713,NSE-002,27,1491,1789,ACTIVE,2/27/2015,seed from tblMoldDesign MoldDesignID=1713,,
1790,NSE003-MDID-1714,NSE-003,27,1492,1790,ACTIVE,8/23/2018,seed from tblMoldDesign MoldDesignID=1714,,
1791,NSK-MDID-1715,NSK,28,4091,1791,ACTIVE,3/10/2026,seed from tblMoldDesign MoldDesignID=1715,,
1792,NSK001-MDID-1716,NSK-001,28,1493,1792,ACTIVE,3/10/2026,seed from tblMoldDesign MoldDesignID=1716,,
1793,NSK002-MDID-1717,NSK-002,28,1494,1793,ACTIVE,3/10/2026,seed from tblMoldDesign MoldDesignID=1717,,
1794,NSK003(NKS003?)-MDID-1718,NSK-003 (NKS 003?),28,1495,1794,ACTIVE,3/10/2026,seed from tblMoldDesign MoldDesignID=1718,,
1795,NSK005-MDID-1719,NSK-005,28,1496,1795,ACTIVE,3/10/2026,seed from tblMoldDesign MoldDesignID=1719,,
1796,NSK006-MDID-1720,NSK-006,28,1497,1796,ACTIVE,3/10/2026,seed from tblMoldDesign MoldDesignID=1720,,
1797,NSK007-MDID-1721,NSK-007,28,1498,1797,ACTIVE,3/10/2026,seed from tblMoldDesign MoldDesignID=1721,,
1798,NSK008-MDID-1722,NSK-008,28,1499,1798,ACTIVE,3/10/2026,seed from tblMoldDesign MoldDesignID=1722,,
1799,NSK009-MDID-1723,NSK-009,28,1500,1799,ACTIVE,3/10/2026,seed from tblMoldDesign MoldDesignID=1723,,
1800,NSK010-MDID-1724,NSK-010,28,1501,1800,ACTIVE,3/10/2026,seed from tblMoldDesign MoldDesignID=1724,,
1801,NSK011-MDID-1725,NSK-011,28,1502,1801,ACTIVE,3/10/2026,seed from tblMoldDesign MoldDesignID=1725,,
1802,NSK012-MDID-1726,NSK-012,28,1503,1802,ACTIVE,3/10/2026,seed from tblMoldDesign MoldDesignID=1726,,
1803,NSK013-MDID-1727,NSK-013,28,1504,1803,ACTIVE,3/10/2026,seed from tblMoldDesign MoldDesignID=1727,,
1804,NSK014-MDID-1728,NSK-014,28,1505,1804,ACTIVE,3/10/2026,seed from tblMoldDesign MoldDesignID=1728,,
1805,NSK015-MDID-1729,NSK-015,28,1506,1805,ACTIVE,3/10/2026,seed from tblMoldDesign MoldDesignID=1729,,
1806,NSK016-MDID-1730,NSK-016,28,1507,1806,ACTIVE,3/10/2026,seed from tblMoldDesign MoldDesignID=1730,,
1807,NSM001-MDID-1731,NSM-001,29,1508,1807,ACTIVE,10/20/2014,seed from tblMoldDesign MoldDesignID=1731,,
1808,NSM002-MDID-1732,NSM-002,29,1509,1808,ACTIVE,12/8/2020,seed from tblMoldDesign MoldDesignID=1732,,
1809,NSM003-MDID-1733,NSM-003,29,1510,1809,ACTIVE,4/7/2021,seed from tblMoldDesign MoldDesignID=1733,,
1810,NSM004-MDID-1734,NSM-004,29,1511,1810,ACTIVE,3/10/2026,seed from tblMoldDesign MoldDesignID=1734,,
1811,NTT003-MDID-1735,NTT-003,30,1512,1811,ACTIVE,3/10/2026,seed from tblMoldDesign MoldDesignID=1735,,
1812,NWN001-MDID-1736,NWN-001,31,1513,1812,ACTIVE,10/20/2014,seed from tblMoldDesign MoldDesignID=1736,,
1813,ODS-MDID-1737,ODS,32,4092,1813,ACTIVE,10/20/2014,seed from tblMoldDesign MoldDesignID=1737,,
1814,ODS001-MDID-1738,ODS-001,32,1514,1814,ACTIVE,3/10/2026,seed from tblMoldDesign MoldDesignID=1738,,
1815,ODS010-MDID-1739,ODS-010,32,1515,1815,ACTIVE,3/10/2026,seed from tblMoldDesign MoldDesignID=1739,,
1816,ODS012-MDID-1740,ODS-012,32,1516,1816,ACTIVE,3/10/2026,seed from tblMoldDesign MoldDesignID=1740,,
1817,ODS013-MDID-1741,ODS-013,32,1517,1817,ACTIVE,3/10/2026,seed from tblMoldDesign MoldDesignID=1741,,
1818,ODS015-MDID-1742,ODS-015,32,1518,1818,ACTIVE,3/10/2026,seed from tblMoldDesign MoldDesignID=1742,,
1819,ODS016-MDID-1743,ODS-016,32,1519,1819,ACTIVE,3/10/2026,seed from tblMoldDesign MoldDesignID=1743,,
1820,ODS017-MDID-1744,ODS-017,32,1520,1820,ACTIVE,3/10/2026,seed from tblMoldDesign MoldDesignID=1744,,
1821,ODS018R-MDID-1745,ODS-018R,32,1521,1821,ACTIVE,3/10/2026,seed from tblMoldDesign MoldDesignID=1745,,
1822,ODS019-MDID-1746,ODS-019,32,1522,1822,ACTIVE,3/10/2026,seed from tblMoldDesign MoldDesignID=1746,,
1823,ODS021-MDID-1747,ODS-021,32,1523,1823,ACTIVE,3/10/2026,seed from tblMoldDesign MoldDesignID=1747,,
1824,ODS022-MDID-1748,ODS-022,32,1524,1824,ACTIVE,3/10/2026,seed from tblMoldDesign MoldDesignID=1748,,
1825,ODS023-MDID-1749,ODS-023,32,1525,1825,ACTIVE,3/10/2026,seed from tblMoldDesign MoldDesignID=1749,,
1826,ODS025-MDID-1750,ODS-025,32,1526,1826,ACTIVE,3/10/2026,seed from tblMoldDesign MoldDesignID=1750,,
1827,ODS026-MDID-1751,ODS-026,32,1527,1827,ACTIVE,3/10/2026,seed from tblMoldDesign MoldDesignID=1751,,
1828,ODS027-MDID-1752,ODS-027,32,1528,1828,ACTIVE,3/10/2026,seed from tblMoldDesign MoldDesignID=1752,,
1829,ODS028-MDID-1753,ODS-028,32,1529,1829,ACTIVE,3/10/2026,seed from tblMoldDesign MoldDesignID=1753,,
1830,ODS029-MDID-1754,ODS-029,32,1530,1830,ACTIVE,3/10/2026,seed from tblMoldDesign MoldDesignID=1754,,
1831,ODS030-MDID-1755,ODS-030,32,1531,1831,ACTIVE,3/10/2026,seed from tblMoldDesign MoldDesignID=1755,,
1832,ODS031-MDID-1756,ODS-031,32,1532,1832,ACTIVE,3/10/2026,seed from tblMoldDesign MoldDesignID=1756,,
1833,ODS032-MDID-1757,ODS-032,32,1533,1833,ACTIVE,3/10/2026,seed from tblMoldDesign MoldDesignID=1757,,
1834,ODS033-MDID-1758,ODS-033,32,4093,1834,ACTIVE,3/10/2026,seed from tblMoldDesign MoldDesignID=1758,,
1835,ODS034-MDID-1759,ODS-034,32,1534,1835,ACTIVE,3/10/2026,seed from tblMoldDesign MoldDesignID=1759,,
1836,ODS035-MDID-1760,ODS-035,32,1535,1836,ACTIVE,3/10/2026,seed from tblMoldDesign MoldDesignID=1760,,
1837,ODS037-MDID-1761,ODS-037,32,1536,1837,ACTIVE,3/10/2026,seed from tblMoldDesign MoldDesignID=1761,,
1838,ODS038-MDID-1762,ODS-038,32,4094,1838,ACTIVE,3/10/2026,seed from tblMoldDesign MoldDesignID=1762,,
1839,ODS039-MDID-1763,ODS-039,32,1537,1839,ACTIVE,10/20/2014,seed from tblMoldDesign MoldDesignID=1763,,
1840,ODS040-MDID-1764,ODS-040,32,1538,1840,ACTIVE,10/20/2014,seed from tblMoldDesign MoldDesignID=1764,,
1841,ODS041-MDID-1765,ODS-041,32,1539,1841,ACTIVE,10/20/2014,seed from tblMoldDesign MoldDesignID=1765,,
1842,ODS042-MDID-1766,ODS-042,32,1540,1842,ACTIVE,10/20/2014,seed from tblMoldDesign MoldDesignID=1766,,
1843,ODS043-MDID-1767,ODS-043,32,4095,1843,ACTIVE,1/13/2015,seed from tblMoldDesign MoldDesignID=1767,,
1844,ODS044-MDID-1768,ODS-044,32,4096,1844,ACTIVE,3/13/2017,seed from tblMoldDesign MoldDesignID=1768,,
1845,ODS045-MDID-1769,ODS-045,32,1541,1845,ACTIVE,5/17/2017,seed from tblMoldDesign MoldDesignID=1769,,
1846,ODS048-MDID-1770,ODS-048,32,1542,1846,ACTIVE,9/11/2019,seed from tblMoldDesign MoldDesignID=1770,,
1847,ODS051-MDID-1771,ODS-051,32,1543,1847,ACTIVE,4/27/2021,seed from tblMoldDesign MoldDesignID=1771,,
1848,ODS052-MDID-1772,ODS-052,32,1544,1848,ACTIVE,9/2/2022,seed from tblMoldDesign MoldDesignID=1772,,
1849,ODS052R1-MDID-1773,ODS-052 R1,32,1544,1849,ACTIVE,3/10/2026,seed from tblMoldDesign MoldDesignID=1773,,
1850,ODS053-MDID-1774,ODS-053,32,1545,1850,ACTIVE,3/10/2026,seed from tblMoldDesign MoldDesignID=1774,,
1851,ODS054-MDID-1775,ODS-054,32,1546,1851,ACTIVE,3/10/2026,seed from tblMoldDesign MoldDesignID=1775,,
1852,ODS055-MDID-1776,ODS-055,32,1547,1852,ACTIVE,3/10/2026,seed from tblMoldDesign MoldDesignID=1776,,
1853,ODS055D-MDID-1777,ODS-055D,32,1547,1853,ACTIVE,3/10/2026,seed from tblMoldDesign MoldDesignID=1777,,
1854,OGR009B-MDID-1778,OGR-009B,33,1548,1854,ACTIVE,3/10/2026,seed from tblMoldDesign MoldDesignID=1778,,
1855,OGR009R-MDID-1779,OGR-009R,33,1548,1855,ACTIVE,3/10/2026,seed from tblMoldDesign MoldDesignID=1779,,
1856,OGR009T-MDID-1780,OGR-009T,33,1548,1856,ACTIVE,3/10/2026,seed from tblMoldDesign MoldDesignID=1780,,
1857,OGR012-MDID-1781,OGR-012,33,1551,1857,ACTIVE,3/10/2026,seed from tblMoldDesign MoldDesignID=1781,,
1858,OGR013F-MDID-1782,OGR-013F,33,1552,1858,ACTIVE,3/10/2026,seed from tblMoldDesign MoldDesignID=1782,,
1859,OGR013H-MDID-1783,OGR-013H,33,1552,1859,ACTIVE,3/10/2026,seed from tblMoldDesign MoldDesignID=1783,,
1860,OGR018-MDID-1784,OGR-018,33,1554,1860,ACTIVE,3/10/2026,seed from tblMoldDesign MoldDesignID=1784,,
1861,OGS004-MDID-1785,OGS-004,261,1555,1861,ACTIVE,3/10/2026,seed from tblMoldDesign MoldDesignID=1785,,
1862,OHS001-MDID-1786,OHS-001,34,1556,1862,ACTIVE,10/20/2014,seed from tblMoldDesign MoldDesignID=1786,,
1863,OID001-MDID-1787,OID-001,35,1557,1863,ACTIVE,10/20/2014,seed from tblMoldDesign MoldDesignID=1787,,
1864,OIK001-MDID-1788,OIK-001,289,1558,1864,ACTIVE,7/27/2017,seed from tblMoldDesign MoldDesignID=1788,,
1865,OKH001-MDID-1789,OKH-001,349,1559,1865,ACTIVE,3/10/2026,seed from tblMoldDesign MoldDesignID=1789,,
1866,OKH002-MDID-1790,OKH-002,349,1560,1866,ACTIVE,3/10/2026,seed from tblMoldDesign MoldDesignID=1790,,
1867,OMG001-MDID-1791,OMG-001,36,1561,1867,ACTIVE,10/20/2014,seed from tblMoldDesign MoldDesignID=1791,,
1868,OMG002-MDID-1792,OMG-002,36,1562,1868,ACTIVE,10/20/2014,seed from tblMoldDesign MoldDesignID=1792,,
1869,OMG005-MDID-1793,OMG-005,36,1563,1869,ACTIVE,3/22/2019,seed from tblMoldDesign MoldDesignID=1793,,
1870,OMG006-MDID-1794,OMG-006,36,1564,1870,ACTIVE,4/25/2019,seed from tblMoldDesign MoldDesignID=1794,,
1871,ORM001-MDID-1795,ORM-001,40,4097,1871,ACTIVE,3/10/2026,seed from tblMoldDesign MoldDesignID=1795,,
1872,ONER001-MDID-1796,ONER-001,37,1565,1872,ACTIVE,10/20/2014,seed from tblMoldDesign MoldDesignID=1796,,
1873,OOT001-MDID-1797,OOT-001,38,1566,1873,ACTIVE,10/20/2014,seed from tblMoldDesign MoldDesignID=1797,,
1874,OOT003-MDID-1798,OOT-003,38,1567,1874,ACTIVE,10/20/2014,seed from tblMoldDesign MoldDesignID=1798,,
1875,OOT004AB-MDID-1799,OOT-004AB,38,4098,1875,ACTIVE,3/10/2026,seed from tblMoldDesign MoldDesignID=1799,,
1876,OOT005-MDID-1800,OOT-005,38,2959,1876,ACTIVE,10/20/2014,seed from tblMoldDesign MoldDesignID=1800,,
1877,OOT006-MDID-1801,OOT-006,38,4369,1877,ACTIVE,10/20/2014,seed from tblMoldDesign MoldDesignID=1801,,
1878,OOT009-MDID-1802,OOT-009,38,1568,1878,ACTIVE,10/20/2014,seed from tblMoldDesign MoldDesignID=1802,,
1879,OOT010-MDID-1803,OOT-010,38,1569,1879,ACTIVE,10/20/2014,seed from tblMoldDesign MoldDesignID=1803,,
1880,OOT011-MDID-1804,OOT-011,38,2962,1880,ACTIVE,3/10/2026,seed from tblMoldDesign MoldDesignID=1804,,
1881,OOT012-MDID-1805,OOT-012,38,1570,1881,ACTIVE,10/20/2014,seed from tblMoldDesign MoldDesignID=1805,,
1882,OOT013-MDID-1806,OOT-013,38,4364,1882,ACTIVE,10/20/2014,seed from tblMoldDesign MoldDesignID=1806,,
1883,OOT015-MDID-1807,OOT-015,38,1571,1883,ACTIVE,12/19/2016,seed from tblMoldDesign MoldDesignID=1807,,
1884,OOT017-MDID-1808,OOT-017,38,1572,1884,ACTIVE,6/4/2015,seed from tblMoldDesign MoldDesignID=1808,,
1885,OOT018-MDID-1809,OOT-018,38,1573,1885,ACTIVE,5/10/2016,seed from tblMoldDesign MoldDesignID=1809,,
1886,OOT019-MDID-1810,OOT-019,38,1574,1886,ACTIVE,5/26/2016,seed from tblMoldDesign MoldDesignID=1810,,
1887,OOT020-MDID-1811,OOT-020,38,4099,1887,ACTIVE,9/30/2016,seed from tblMoldDesign MoldDesignID=1811,,
1888,OOT021-MDID-1812,OOT-021,38,4100,1888,ACTIVE,11/1/2016,seed from tblMoldDesign MoldDesignID=1812,,
1889,OOT022-MDID-1813,OOT-022,38,1575,1889,ACTIVE,11/2/2016,seed from tblMoldDesign MoldDesignID=1813,,
1890,OOT023-MDID-1814,OOT-023,38,1576,1890,ACTIVE,11/8/2016,seed from tblMoldDesign MoldDesignID=1814,,
1891,OOT024-MDID-1815,OOT-024,38,1577,1891,ACTIVE,12/28/2016,seed from tblMoldDesign MoldDesignID=1815,,
1892,OOT025-MDID-1816,OOT-025,38,1578,1892,ACTIVE,8/9/2017,seed from tblMoldDesign MoldDesignID=1816,,
1893,OOT026-MDID-1817,OOT-026,38,1579,1893,ACTIVE,1/13/2017,seed from tblMoldDesign MoldDesignID=1817,,
1894,OOT027-MDID-1818,OOT-027,38,1580,1894,ACTIVE,1/14/2017,seed from tblMoldDesign MoldDesignID=1818,,
1895,OOT030R1-MDID-1819,OOT-030R1,38,1581,1895,ACTIVE,3/10/2026,seed from tblMoldDesign MoldDesignID=1819,,
1896,OOT031-MDID-1820,OOT-031,38,1582,1896,ACTIVE,6/11/2021,seed from tblMoldDesign MoldDesignID=1820,,
1897,OOT032-MDID-1821,OOT-032,38,1583,1897,ACTIVE,6/11/2021,seed from tblMoldDesign MoldDesignID=1821,,
1898,OOT033-MDID-1822,OOT-033,38,1584,1898,ACTIVE,6/10/2021,seed from tblMoldDesign MoldDesignID=1822,,
1899,OOT034-MDID-1823,OOT-034,38,1585,1899,ACTIVE,6/10/2021,seed from tblMoldDesign MoldDesignID=1823,,
1900,OOT035-MDID-1824,OOT-035,38,1586,1900,ACTIVE,6/11/2021,seed from tblMoldDesign MoldDesignID=1824,,
1901,OOT038-MDID-1825,OOT-038,38,1587,1901,ACTIVE,3/10/2026,seed from tblMoldDesign MoldDesignID=1825,,
1902,OOT039-MDID-1826,OOT-039,38,1588,1902,ACTIVE,3/10/2026,seed from tblMoldDesign MoldDesignID=1826,,
1903,OOT040?-MDID-1827,OOT-040?,38,1589,1903,ACTIVE,3/10/2026,seed from tblMoldDesign MoldDesignID=1827,,
1904,OOT040-MDID-1828,OOT-040,38,1589,1904,ACTIVE,3/10/2026,seed from tblMoldDesign MoldDesignID=1828,,
1905,OOT041ASANOPLATE-MDID-1829,OOT-041 ASANO PLATE,38,1590,1905,ACTIVE,3/10/2026,seed from tblMoldDesign MoldDesignID=1829,,
1906,OOT041-MDID-1830,OOT-041,38,1590,1906,ACTIVE,3/10/2026,seed from tblMoldDesign MoldDesignID=1830,,
1907,OOT042D-MDID-1831,OOT-042D,38,1592,1907,ACTIVE,3/10/2026,seed from tblMoldDesign MoldDesignID=1831,,
1908,OOT042-MDID-1832,OOT-042,38,1592,1908,ACTIVE,3/10/2026,seed from tblMoldDesign MoldDesignID=1832,,
1909,OOT043-MDID-1833,OOT-043,38,1593,1909,ACTIVE,3/10/2026,seed from tblMoldDesign MoldDesignID=1833,,
1910,OPA001-MDID-1834,OPA-001,39,1594,1910,ACTIVE,10/20/2014,seed from tblMoldDesign MoldDesignID=1834,,
1911,ORM002-MDID-1835,ORM-002,40,1595,1911,ACTIVE,4/19/2017,seed from tblMoldDesign MoldDesignID=1835,,
1912,ORM003-MDID-1836,ORM-003,40,1596,1912,ACTIVE,11/17/2017,seed from tblMoldDesign MoldDesignID=1836,,
1913,ORM004-MDID-1837,ORM-004,40,1597,1913,ACTIVE,12/4/2018,seed from tblMoldDesign MoldDesignID=1837,,
1914,ORM005-MDID-1838,ORM-005,40,1598,1914,ACTIVE,1/9/2020,seed from tblMoldDesign MoldDesignID=1838,,
1915,OSI001-MDID-1839,OSI-001,41,1599,1915,ACTIVE,5/28/2018,seed from tblMoldDesign MoldDesignID=1839,,
1916,OSI002-MDID-1840,OSI-002,41,1600,1916,ACTIVE,10/9/2019,seed from tblMoldDesign MoldDesignID=1840,,
1917,OTAX001-MDID-1841,OTAX-001,42,1601,1917,ACTIVE,3/10/2026,seed from tblMoldDesign MoldDesignID=1841,,
1918,OTAX002-MDID-1842,OTAX-002,42,1602,1918,ACTIVE,3/10/2026,seed from tblMoldDesign MoldDesignID=1842,,
1919,OTAX003-MDID-1843,OTAX-003,42,1603,1919,ACTIVE,3/10/2026,seed from tblMoldDesign MoldDesignID=1843,,
1920,OTAX004-MDID-1844,OTAX-004,42,1604,1920,ACTIVE,3/10/2026,seed from tblMoldDesign MoldDesignID=1844,,
1921,OTAX005-MDID-1845,OTAX-005,42,1605,1921,ACTIVE,3/10/2026,seed from tblMoldDesign MoldDesignID=1845,,
1922,OTAX006-MDID-1846,OTAX-006,42,1606,1922,ACTIVE,3/10/2026,seed from tblMoldDesign MoldDesignID=1846,,
1923,OTAX007-MDID-1847,OTAX-007,42,1607,1923,ACTIVE,3/10/2026,seed from tblMoldDesign MoldDesignID=1847,,
1924,OTAX008-MDID-1848,OTAX-008,42,1608,1924,ACTIVE,3/10/2026,seed from tblMoldDesign MoldDesignID=1848,,
1925,OTAX009-MDID-1849,OTAX-009,42,1609,1925,ACTIVE,3/10/2026,seed from tblMoldDesign MoldDesignID=1849,,
1926,OTAX010-MDID-1850,OTAX-010,42,1610,1926,ACTIVE,3/10/2026,seed from tblMoldDesign MoldDesignID=1850,,
1927,OTAX013-MDID-1851,OTAX-013,42,1611,1927,ACTIVE,3/10/2026,seed from tblMoldDesign MoldDesignID=1851,,
1928,OTAX014-MDID-1852,OTAX-014,42,4101,1928,ACTIVE,3/10/2026,seed from tblMoldDesign MoldDesignID=1852,,
1929,OTAX015-MDID-1853,OTAX-015,42,4102,1929,ACTIVE,3/10/2026,seed from tblMoldDesign MoldDesignID=1853,,
1930,OTAX016-MDID-1854,OTAX-016,42,4103,1930,ACTIVE,3/10/2026,seed from tblMoldDesign MoldDesignID=1854,,
1931,OTAX017-MDID-1855,OTAX-017,42,1612,1931,ACTIVE,3/10/2026,seed from tblMoldDesign MoldDesignID=1855,,
1932,OTAX018-MDID-1856,OTAX-018,42,1613,1932,ACTIVE,3/10/2026,seed from tblMoldDesign MoldDesignID=1856,,
1933,OTAX019-MDID-1857,OTAX-019,42,1614,1933,ACTIVE,10/20/2014,seed from tblMoldDesign MoldDesignID=1857,,
1934,OTAX020-MDID-1858,OTAX-020,42,1615,1934,ACTIVE,10/31/2016,seed from tblMoldDesign MoldDesignID=1858,,
1935,OTAX022-MDID-1859,OTAX-022,42,1616,1935,ACTIVE,12/7/2017,seed from tblMoldDesign MoldDesignID=1859,,
1936,OTD001-MDID-1860,OTD-001,43,1617,1936,ACTIVE,3/10/2026,seed from tblMoldDesign MoldDesignID=1860,,
1937,Other-MDID-1861,Other,244,2952,1937,ACTIVE,3/10/2026,seed from tblMoldDesign MoldDesignID=1861,,
1938,Other148200601-MDID-1862,Other-1482-006-01,244,2952,1938,ACTIVE,3/10/2026,seed from tblMoldDesign MoldDesignID=1862,,
1939,Other201611727-MDID-1863,Other-20 16-117-27,244,2952,1939,ACTIVE,3/10/2026,seed from tblMoldDesign MoldDesignID=1863,,
1940,Other6D70423A2-MDID-1865,Other-6D704 23A-2,244,2952,1940,ACTIVE,3/10/2026,seed from tblMoldDesign MoldDesignID=1865,,
1941,Other8号機-MDID-1866,Other-8号機,244,2952,1941,ACTIVE,3/10/2026,seed from tblMoldDesign MoldDesignID=1866,,
1942,OtherAタイプ-MDID-1867,Other-A　タイプ,244,2952,1942,ACTIVE,3/10/2026,seed from tblMoldDesign MoldDesignID=1867,,
1943,OtherAchievement-MDID-1868,Other-Achievement,244,2952,1943,ACTIVE,3/10/2026,seed from tblMoldDesign MoldDesignID=1868,,
1944,OtherCタイプ専用-MDID-1869,Other-Cタイプ専用,244,2952,1944,ACTIVE,3/10/2026,seed from tblMoldDesign MoldDesignID=1869,,
1945,OtherPICKCASE-MDID-1870,Other-PICK CASE,244,2952,1945,ACTIVE,3/10/2026,seed from tblMoldDesign MoldDesignID=1870,,
1946,OtherYO1014A(9K)-MDID-1871,Other-YO 1014A (9K),244,2952,1946,ACTIVE,3/10/2026,seed from tblMoldDesign MoldDesignID=1871,,
1947,Otherシャープ-MDID-1872,Other-シャープ,244,2952,1947,ACTIVE,3/10/2026,seed from tblMoldDesign MoldDesignID=1872,,
1948,Other試作?-MDID-1873,Other-試作?,244,2952,1948,ACTIVE,3/10/2026,seed from tblMoldDesign MoldDesignID=1873,,
1949,OTJ001-MDID-1874,OTJ-001,44,1623,1949,ACTIVE,3/10/2026,seed from tblMoldDesign MoldDesignID=1874,,
1950,PB375x367-MDID-1875,PB 375x367,244,1624,1950,ACTIVE,3/10/2026,seed from tblMoldDesign MoldDesignID=1875,,
1951,PB460x330WTN007-MDID-1876,PB 460x330 WTN007,244,1625,1951,ACTIVE,3/10/2026,seed from tblMoldDesign MoldDesignID=1876,,
1952,PB470x400x50ND-MDID-1877,PB 470x400x50 ND,244,1632,1952,ACTIVE,3/10/2026,seed from tblMoldDesign MoldDesignID=1877,,
1953,PB470x450x50HIGHPLUG-MDID-1878,PB 470x450x50 HIGH PLUG,244,1626,1953,ACTIVE,3/10/2026,seed from tblMoldDesign MoldDesignID=1878,,
1954,PB590x350-MDID-1879,PB 590x350,244,1627,1954,ACTIVE,3/10/2026,seed from tblMoldDesign MoldDesignID=1879,,
1955,PBAType490x320x15-MDID-1880,PB A Type 490x320x15,244,1628,1955,ACTIVE,3/10/2026,seed from tblMoldDesign MoldDesignID=1880,,
1956,PBCTYPE499x347-MDID-1881,PB C TYPE 499x347,244,1629,1956,ACTIVE,3/10/2026,seed from tblMoldDesign MoldDesignID=1881,,
1957,PBJAE300ｘ285-MDID-1882,PB JAE　300ｘ285,244,1630,1957,ACTIVE,3/10/2026,seed from tblMoldDesign MoldDesignID=1882,,
1958,PBNB620x310-MDID-1883,PB NB 620x310,244,1631,1958,ACTIVE,3/10/2026,seed from tblMoldDesign MoldDesignID=1883,,
1959,PBZDTYPE-MDID-1884,PB ZD TYPE,244,1633,1959,ACTIVE,3/10/2026,seed from tblMoldDesign MoldDesignID=1884,,
1960,PB74530x350-MDID-1885,PB74 530x350,244,1634,1960,ACTIVE,3/10/2026,seed from tblMoldDesign MoldDesignID=1885,,
1961,PB74FHJ515x347-MDID-1886,PB74 FHJ 515x347,244,1635,1961,ACTIVE,3/10/2026,seed from tblMoldDesign MoldDesignID=1886,,
1962,PB74H20YMS001-MDID-1887,PB74 H20 YMS-001,244,1636,1962,ACTIVE,3/10/2026,seed from tblMoldDesign MoldDesignID=1887,,
1963,PLATE5x600x745-MDID-1888,PLATE 5x600x745,244,1638,1963,ACTIVE,3/10/2026,seed from tblMoldDesign MoldDesignID=1888,,
1964,PLATE5x606x830-MDID-1889,PLATE 5x606x830,244,1639,1964,ACTIVE,3/10/2026,seed from tblMoldDesign MoldDesignID=1889,,
1965,PLX001-MDID-1890,PLX-001,45,1640,1965,ACTIVE,9/11/2018,seed from tblMoldDesign MoldDesignID=1890,,
1966,PLX002D-MDID-1891,PLX-002D,45,1641,1966,ACTIVE,3/10/2026,seed from tblMoldDesign MoldDesignID=1891,,
1967,PLX002R2-MDID-1892,PLX-002 R2,45,1641,1967,ACTIVE,3/10/2026,seed from tblMoldDesign MoldDesignID=1892,,
1968,PNS001-MDID-1894,PNS-001,46,1643,1968,ACTIVE,10/20/2014,seed from tblMoldDesign MoldDesignID=1894,,
1969,PNS002-MDID-1895,PNS-002,46,4112,1969,ACTIVE,10/20/2014,seed from tblMoldDesign MoldDesignID=1895,,
1970,PNS002B/T-MDID-1896,PNS-002B/T,46,4112,1970,ACTIVE,3/10/2026,seed from tblMoldDesign MoldDesignID=1896,,
1971,PNS003B-MDID-1897,PNS-003B,46,1645,1971,ACTIVE,10/20/2014,seed from tblMoldDesign MoldDesignID=1897,,
1972,PNS003T-MDID-1898,PNS-003T,46,1645,1972,ACTIVE,10/20/2014,seed from tblMoldDesign MoldDesignID=1898,,
1973,PNS004-MDID-1899,PNS-004,46,1647,1973,ACTIVE,10/20/2014,seed from tblMoldDesign MoldDesignID=1899,,
1974,PNS005-MDID-1900,PNS-005,46,1648,1974,ACTIVE,6/1/2015,seed from tblMoldDesign MoldDesignID=1900,,
1975,PNS006-MDID-1901,PNS-006,46,1649,1975,ACTIVE,8/3/2015,seed from tblMoldDesign MoldDesignID=1901,,
1976,PNS007-MDID-1902,PNS-007,46,1650,1976,ACTIVE,6/27/2016,seed from tblMoldDesign MoldDesignID=1902,,
1977,PNS010-MDID-1903,PNS-010,46,1651,1977,ACTIVE,3/10/2026,seed from tblMoldDesign MoldDesignID=1903,,
1978,PNS010R3-MDID-1904,PNS-010 R3,46,1651,1978,ACTIVE,3/10/2026,seed from tblMoldDesign MoldDesignID=1904,,
1979,PNS011-MDID-1907,PNS-011,46,1653,1979,ACTIVE,3/10/2026,seed from tblMoldDesign MoldDesignID=1907,,
1980,POS002-MDID-1908,POS-002,47,1654,1980,ACTIVE,3/10/2026,seed from tblMoldDesign MoldDesignID=1908,,
1981,PP12127P-MDID-1909,P-P12127-P,244,1655,1981,ACTIVE,3/10/2026,seed from tblMoldDesign MoldDesignID=1909,,
1982,QA005-MDID-1910,QA-005,48,1656,1982,ACTIVE,3/10/2026,seed from tblMoldDesign MoldDesignID=1910,,
1983,QA006-MDID-1911,QA-006,48,1657,1983,ACTIVE,3/10/2026,seed from tblMoldDesign MoldDesignID=1911,,
1984,QA007-MDID-1912,QA-007,48,1658,1984,ACTIVE,3/10/2026,seed from tblMoldDesign MoldDesignID=1912,,
1985,QAS002-MDID-1913,QAS-002,280,1659,1985,ACTIVE,12/15/2015,seed from tblMoldDesign MoldDesignID=1913,,
1986,QAS003-MDID-1914,QAS-003,280,1660,1986,ACTIVE,9/4/2016,seed from tblMoldDesign MoldDesignID=1914,,
1987,QAS004-MDID-1915,QAS-004,280,1661,1987,ACTIVE,10/25/2018,seed from tblMoldDesign MoldDesignID=1915,,
1988,QAS005-MDID-1916,QAS-005,280,1662,1988,ACTIVE,12/12/2018,seed from tblMoldDesign MoldDesignID=1916,,
1989,QSK001-MDID-1917,QSK-001　,299,1663,1989,ACTIVE,3/10/2026,seed from tblMoldDesign MoldDesignID=1917,,
1990,RCH001-MDID-1918,RCH-001,49,1664,1990,ACTIVE,6/9/2016,seed from tblMoldDesign MoldDesignID=1918,,
1991,RCH002-MDID-1919,RCH-002,49,1665,1991,ACTIVE,12/12/2016,seed from tblMoldDesign MoldDesignID=1919,,
1992,RCH003-MDID-1920,RCH-003,49,1666,1992,ACTIVE,1/29/2018,seed from tblMoldDesign MoldDesignID=1920,,
1993,RCH004-MDID-1921,RCH-004,49,1667,1993,ACTIVE,4/25/2019,seed from tblMoldDesign MoldDesignID=1921,,
1994,RCH005-MDID-1922,RCH-005,49,1668,1994,ACTIVE,7/26/2019,seed from tblMoldDesign MoldDesignID=1922,,
1995,RCH006-MDID-1923,RCH-006,49,1669,1995,ACTIVE,7/3/2019,seed from tblMoldDesign MoldDesignID=1923,,
1996,RCH007-MDID-1924,RCH-007,49,1670,1996,ACTIVE,12/4/2019,seed from tblMoldDesign MoldDesignID=1924,,
1997,RCH008-MDID-1925,RCH-008,49,1671,1997,ACTIVE,3/31/2020,seed from tblMoldDesign MoldDesignID=1925,,
1998,RCH009-MDID-1926,RCH-009,49,1672,1998,ACTIVE,3/11/2020,seed from tblMoldDesign MoldDesignID=1926,,
1999,RDF85CUTTERJIG-MDID-1927,RDF85 CUTTER JIG,244,1673,1999,ACTIVE,3/10/2026,seed from tblMoldDesign MoldDesignID=1927,,
2000,RKK001-MDID-1928,RKK-001,50,1674,2000,ACTIVE,4/30/2015,seed from tblMoldDesign MoldDesignID=1928,,
2001,Rv53BLowerVerD25-MDID-1929,Rv53B Lower VerD25,244,1675,2001,ACTIVE,3/10/2026,seed from tblMoldDesign MoldDesignID=1929,,
2002,RV53BLowerVerD32-MDID-1930,RV53B Lower VerD32,244,1675,2002,ACTIVE,3/10/2026,seed from tblMoldDesign MoldDesignID=1930,,
2003,RV53BMountingPlate-MDID-1931,RV-53B Mounting Plate,244,1676,2003,ACTIVE,3/10/2026,seed from tblMoldDesign MoldDesignID=1931,,
2004,RV74CLowerTable-MDID-1932,RV74C Lower Table,244,1677,2004,ACTIVE,3/10/2026,seed from tblMoldDesign MoldDesignID=1932,,
2005,RV74CLowerTableVer23.4.19-MDID-1933,RV74C Lower Table Ver23.4.19,244,1677,2005,ACTIVE,3/10/2026,seed from tblMoldDesign MoldDesignID=1933,,
2006,RYK001-MDID-1934,RYK-001,51,1678,2006,ACTIVE,3/10/2026,seed from tblMoldDesign MoldDesignID=1934,,
2007,RYK002-MDID-1935,RYK-002,51,4113,2007,ACTIVE,3/10/2026,seed from tblMoldDesign MoldDesignID=1935,,
2008,RYK003-MDID-1936,RYK-003,51,1679,2008,ACTIVE,3/10/2026,seed from tblMoldDesign MoldDesignID=1936,,
2009,RYK004-MDID-1937,RYK-004,51,1680,2009,ACTIVE,3/10/2026,seed from tblMoldDesign MoldDesignID=1937,,
2010,RYK005？-MDID-1938,RYK-005？,51,1681,2010,ACTIVE,3/10/2026,seed from tblMoldDesign MoldDesignID=1938,,
2011,RYK005-MDID-1939,RYK-005,51,1681,2011,ACTIVE,3/10/2026,seed from tblMoldDesign MoldDesignID=1939,,
2012,RYOKA002-MDID-1940,RYOKA-002,52,4114,2012,ACTIVE,3/10/2026,seed from tblMoldDesign MoldDesignID=1940,,
2013,RYOKA21001000-MDID-1941,RYOKA-21-001-000,52,1682,2013,ACTIVE,3/10/2026,seed from tblMoldDesign MoldDesignID=1941,,
2014,SAI001-MDID-1942,SAI-001,53,1683,2014,ACTIVE,10/20/2014,seed from tblMoldDesign MoldDesignID=1942,,
2015,SAIKO02-MDID-1943,SAIKO-02,54,1684,2015,ACTIVE,3/10/2026,seed from tblMoldDesign MoldDesignID=1943,,
2016,SAM001R1-MDID-1945,SAM-001 R1,55,1685,2016,ACTIVE,3/10/2026,seed from tblMoldDesign MoldDesignID=1945,,
2017,SAM002-MDID-1946,SAM-002,55,1686,2017,ACTIVE,3/10/2026,seed from tblMoldDesign MoldDesignID=1946,,
2018,SBK001-MDID-1947,SBK-001,56,1687,2018,ACTIVE,3/10/2026,seed from tblMoldDesign MoldDesignID=1947,,
2019,SCP001-MDID-1948,SCP-001,270,1688,2019,ACTIVE,3/10/2026,seed from tblMoldDesign MoldDesignID=1948,,
2020,SDK-MDID-1949,SDK,57,4115,2020,ACTIVE,10/20/2014,seed from tblMoldDesign MoldDesignID=1949,,
2021,SDK001-MDID-1950,SDK-001,57,1689,2021,ACTIVE,10/20/2014,seed from tblMoldDesign MoldDesignID=1950,,
2022,SDS001-MDID-1951,SDS-001,251,1690,2022,ACTIVE,10/20/2014,seed from tblMoldDesign MoldDesignID=1951,,
2023,SDSJ001-MDID-1952,SDSJ-001,58,4116,2023,ACTIVE,10/20/2014,seed from tblMoldDesign MoldDesignID=1952,,
2024,SDSJ001B-MDID-1953,SDSJ-001B,58,4116,2024,ACTIVE,10/20/2014,seed from tblMoldDesign MoldDesignID=1953,,
2025,SDSJ001T-MDID-1954,SDSJ-001T,58,4116,2025,ACTIVE,3/10/2026,seed from tblMoldDesign MoldDesignID=1954,,
2026,SE53Z-MDID-1955,SE-53Z,288,1693,2026,ACTIVE,3/10/2026,seed from tblMoldDesign MoldDesignID=1955,,
2027,SEKYW00061-MDID-1956,SEKYW-0006-1,257,1694,2027,ACTIVE,3/10/2026,seed from tblMoldDesign MoldDesignID=1956,,
2028,SES001-MDID-1957,SES-001,285,1695,2028,ACTIVE,10/20/2014,seed from tblMoldDesign MoldDesignID=1957,,
2029,SES002-MDID-1958,SES-002,285,1696,2029,ACTIVE,3/10/2026,seed from tblMoldDesign MoldDesignID=1958,,
2030,SES003-MDID-1959,SES-003,285,4117,2030,ACTIVE,10/20/2014,seed from tblMoldDesign MoldDesignID=1959,,
2031,SES004-MDID-1960,SES-004,285,1697,2031,ACTIVE,10/20/2014,seed from tblMoldDesign MoldDesignID=1960,,
2032,SES005-MDID-1961,SES-005,285,1698,2032,ACTIVE,10/20/2014,seed from tblMoldDesign MoldDesignID=1961,,
2033,SESK001-MDID-1962,SESK-001,59,1699,2033,ACTIVE,10/30/2015,seed from tblMoldDesign MoldDesignID=1962,,
2034,SFI001-MDID-1963,SFI-001,296,1700,2034,ACTIVE,3/10/2026,seed from tblMoldDesign MoldDesignID=1963,,
2035,SG001-MDID-1964,SG-001,300,1701,2035,ACTIVE,10/20/2014,seed from tblMoldDesign MoldDesignID=1964,,
2036,SG001PP-MDID-1965,SG-001 PP,300,1701,2036,ACTIVE,3/10/2026,seed from tblMoldDesign MoldDesignID=1965,,
2037,SGK001-MDID-1966,SGK-001,279,1702,2037,ACTIVE,3/10/2026,seed from tblMoldDesign MoldDesignID=1966,,
2038,SGK006R2-MDID-1967,SGK-006R2,279,1703,2038,ACTIVE,3/10/2026,seed from tblMoldDesign MoldDesignID=1967,,
2039,SGK2001-MDID-1968,SGK-2-001,350,1704,2039,ACTIVE,3/10/2026,seed from tblMoldDesign MoldDesignID=1968,,
2040,SGK2001-MDID-1969,SGK2-001,350,1705,2040,ACTIVE,3/10/2026,seed from tblMoldDesign MoldDesignID=1969,,
2041,SHP510x342x50-MDID-1970,SHP-510x342x50,60,1706,2041,ACTIVE,3/10/2026,seed from tblMoldDesign MoldDesignID=1970,,
2042,SHT002-MDID-1971,SHT-002,61,1707,2042,ACTIVE,10/20/2014,seed from tblMoldDesign MoldDesignID=1971,,
2043,SHT003-MDID-1972,SHT-003,61,1708,2043,ACTIVE,11/2/2015,seed from tblMoldDesign MoldDesignID=1972,,
2044,SHT004-MDID-1973,SHT-004,61,1709,2044,ACTIVE,11/21/2017,seed from tblMoldDesign MoldDesignID=1973,,
2045,SHT006-MDID-1974,SHT-006,61,1710,2045,ACTIVE,1/28/2019,seed from tblMoldDesign MoldDesignID=1974,,
2046,SHT007-MDID-1975,SHT-007,61,1711,2046,ACTIVE,1/29/2019,seed from tblMoldDesign MoldDesignID=1975,,
2047,SHT008-MDID-1976,SHT-008,61,1712,2047,ACTIVE,8/26/2019,seed from tblMoldDesign MoldDesignID=1976,,
2048,SHT009-MDID-1977,SHT-009,61,1713,2048,ACTIVE,8/26/2019,seed from tblMoldDesign MoldDesignID=1977,,
2049,SHT010-MDID-1978,SHT-010,61,1714,2049,ACTIVE,4/16/2020,seed from tblMoldDesign MoldDesignID=1978,,
2050,SHT011-MDID-1979,SHT-011,61,1715,2050,ACTIVE,11/26/2020,seed from tblMoldDesign MoldDesignID=1979,,
2051,SHT012-MDID-1980,SHT-012,61,1716,2051,ACTIVE,3/10/2026,seed from tblMoldDesign MoldDesignID=1980,,
2052,SHT013-MDID-1981,SHT-013,61,1717,2052,ACTIVE,3/10/2026,seed from tblMoldDesign MoldDesignID=1981,,
2053,SHT013R3-MDID-1982,SHT-013R3,61,1717,2053,ACTIVE,2/20/2023,seed from tblMoldDesign MoldDesignID=1982,,
2054,SHT014-MDID-1983,SHT-014,61,1718,2054,ACTIVE,1/24/2023,seed from tblMoldDesign MoldDesignID=1983,,
2055,SHT015-MDID-1984,SHT-015,61,1719,2055,ACTIVE,3/10/2026,seed from tblMoldDesign MoldDesignID=1984,,
2056,SHT016-MDID-1985,SHT-016,61,1720,2056,ACTIVE,3/10/2026,seed from tblMoldDesign MoldDesignID=1985,,
2057,SIT001-MDID-1986,SIT-001,62,1721,2057,ACTIVE,10/20/2014,seed from tblMoldDesign MoldDesignID=1986,,
2058,SIT002-MDID-1987,SIT-002,62,1722,2058,ACTIVE,10/20/2014,seed from tblMoldDesign MoldDesignID=1987,,
2059,SIT010-MDID-1988,SIT-010,62,1723,2059,ACTIVE,3/10/2026,seed from tblMoldDesign MoldDesignID=1988,,
2060,SIT011-MDID-1989,SIT-011,62,1724,2060,ACTIVE,3/10/2026,seed from tblMoldDesign MoldDesignID=1989,,
2061,SIT012-MDID-1990,SIT-012,62,1725,2061,ACTIVE,3/10/2026,seed from tblMoldDesign MoldDesignID=1990,,
2062,SIT013-MDID-1991,SIT-013,62,1726,2062,ACTIVE,3/10/2026,seed from tblMoldDesign MoldDesignID=1991,,
2063,SIT014-MDID-1992,SIT-014,62,1727,2063,ACTIVE,3/10/2026,seed from tblMoldDesign MoldDesignID=1992,,
2064,SIT015R2-MDID-1993,SIT-015 R2,62,1728,2064,ACTIVE,3/10/2026,seed from tblMoldDesign MoldDesignID=1993,,
2065,SIT016D-MDID-1994,SIT-016D,62,1729,2065,ACTIVE,3/10/2026,seed from tblMoldDesign MoldDesignID=1994,,
2066,SIT017-MDID-1995,SIT-017,62,1730,2066,ACTIVE,3/10/2026,seed from tblMoldDesign MoldDesignID=1995,,
2067,SIT017D-MDID-1996,SIT-017D,62,1730,2067,ACTIVE,3/10/2026,seed from tblMoldDesign MoldDesignID=1996,,
2068,SIT018-MDID-1997,SIT-018,62,1731,2068,ACTIVE,8/28/2024,seed from tblMoldDesign MoldDesignID=1997,,
2069,SIT018D-MDID-1998,SIT-018D,62,1731,2069,ACTIVE,3/10/2026,seed from tblMoldDesign MoldDesignID=1998,,
2070,SIT019-MDID-1999,SIT-019,62,1732,2070,ACTIVE,8/28/2024,seed from tblMoldDesign MoldDesignID=1999,,
2071,SIT019D-MDID-2000,SIT-019D,62,1732,2071,ACTIVE,3/10/2026,seed from tblMoldDesign MoldDesignID=2000,,
2072,SJI001-MDID-2001,SJI-001,63,4119,2072,ACTIVE,4/1/2015,seed from tblMoldDesign MoldDesignID=2001,,
2073,SJI002-MDID-2002,SJI-002,63,1733,2073,ACTIVE,8/20/2015,seed from tblMoldDesign MoldDesignID=2002,,
2074,SJI003-MDID-2003,SJI-003,63,1734,2074,ACTIVE,8/19/2015,seed from tblMoldDesign MoldDesignID=2003,,
2075,SJI007-MDID-2004,SJI-007,63,1735,2075,ACTIVE,4/25/2016,seed from tblMoldDesign MoldDesignID=2004,,
2076,SJI008-MDID-2005,SJI-008,63,1736,2076,ACTIVE,2/22/2016,seed from tblMoldDesign MoldDesignID=2005,,
2077,SJI009-MDID-2006,SJI-009,63,1737,2077,ACTIVE,1/6/2017,seed from tblMoldDesign MoldDesignID=2006,,
2078,SJI010-MDID-2007,SJI-010,63,1738,2078,ACTIVE,7/31/2017,seed from tblMoldDesign MoldDesignID=2007,,
2079,SJI012-MDID-2008,SJI-012,63,1739,2079,ACTIVE,8/21/2018,seed from tblMoldDesign MoldDesignID=2008,,
2080,SJI013-MDID-2009,SJI-013,63,4120,2080,ACTIVE,8/22/2018,seed from tblMoldDesign MoldDesignID=2009,,
2081,SJI014-MDID-2010,SJI-014,63,1740,2081,ACTIVE,8/22/2018,seed from tblMoldDesign MoldDesignID=2010,,
2082,SJI015-MDID-2011,SJI-015,63,4121,2082,ACTIVE,8/29/2018,seed from tblMoldDesign MoldDesignID=2011,,
2083,SJI016-MDID-2012,SJI-016,63,4122,2083,ACTIVE,8/29/2018,seed from tblMoldDesign MoldDesignID=2012,,
2084,SJI017-MDID-2013,SJI-017,63,1741,2084,ACTIVE,10/16/2018,seed from tblMoldDesign MoldDesignID=2013,,
2085,SJI018-MDID-2014,SJI-018,63,1742,2085,ACTIVE,5/15/2019,seed from tblMoldDesign MoldDesignID=2014,,
2086,SJI019-MDID-2015,SJI-019,63,1743,2086,ACTIVE,5/16/2019,seed from tblMoldDesign MoldDesignID=2015,,
2087,SJI020-MDID-2016,SJI-020,63,1744,2087,ACTIVE,5/16/2019,seed from tblMoldDesign MoldDesignID=2016,,
2088,SJI021-MDID-2017,SJI-021,63,1745,2088,ACTIVE,1/19/2021,seed from tblMoldDesign MoldDesignID=2017,,
2089,SJI021スタ-MDID-2018,SJI-021 スタ,63,1745,2089,ACTIVE,3/10/2026,seed from tblMoldDesign MoldDesignID=2018,,
2090,SJK002-MDID-2019,SJK-002,281,1746,2090,ACTIVE,10/20/2014,seed from tblMoldDesign MoldDesignID=2019,,
2091,SJK004-MDID-2020,SJK-004,281,1747,2091,ACTIVE,10/20/2014,seed from tblMoldDesign MoldDesignID=2020,,
2092,SJK005-MDID-2021,SJK-005,281,1748,2092,ACTIVE,10/20/2014,seed from tblMoldDesign MoldDesignID=2021,,
2093,SJK006-MDID-2022,SJK-006,281,1749,2093,ACTIVE,2/17/2016,seed from tblMoldDesign MoldDesignID=2022,,
2094,SJK007-MDID-2023,SJK-007,281,1750,2094,ACTIVE,6/25/2018,seed from tblMoldDesign MoldDesignID=2023,,
2095,SJK008-MDID-2024,SJK-008,281,1751,2095,ACTIVE,3/10/2026,seed from tblMoldDesign MoldDesignID=2024,,
2096,SJK009-MDID-2025,SJK-009,281,1752,2096,ACTIVE,8/16/2018,seed from tblMoldDesign MoldDesignID=2025,,
2097,SJK010-MDID-2026,SJK-010,281,1753,2097,ACTIVE,5/8/2019,seed from tblMoldDesign MoldDesignID=2026,,
2098,SJK011-MDID-2027,SJK-011,281,1754,2098,ACTIVE,3/10/2026,seed from tblMoldDesign MoldDesignID=2027,,
2099,SJK012-MDID-2028,SJK-012,281,1755,2099,ACTIVE,3/10/2026,seed from tblMoldDesign MoldDesignID=2028,,
2100,SJT001-MDID-2029,SJT-001,64,1756,2100,ACTIVE,3/10/2026,seed from tblMoldDesign MoldDesignID=2029,,
2101,SK002ELP002-MDID-2030,SK-002 EL-P-002,65,1757,2101,ACTIVE,3/10/2026,seed from tblMoldDesign MoldDesignID=2030,,
2102,SK005ELP005-MDID-2031,SK-005 EL-P-005,65,1758,2102,ACTIVE,3/10/2026,seed from tblMoldDesign MoldDesignID=2031,,
2103,SK007-MDID-2032,SK-007,65,1759,2103,ACTIVE,11/16/2016,seed from tblMoldDesign MoldDesignID=2032,,
2104,SK008-MDID-2033,SK-008,65,1760,2104,ACTIVE,3/10/2026,seed from tblMoldDesign MoldDesignID=2033,,
2105,SK009-MDID-2034,SK-009,65,4124,2105,ACTIVE,11/2/2020,seed from tblMoldDesign MoldDesignID=2034,,
2106,SK010-MDID-2035,SK-010,65,1761,2106,ACTIVE,3/10/2026,seed from tblMoldDesign MoldDesignID=2035,,
2107,SK011(ELP09)-MDID-2036,SK-011 (EL-P-09),65,1762,2107,ACTIVE,3/10/2026,seed from tblMoldDesign MoldDesignID=2036,,
2108,SK014-MDID-2037,SK-014,65,1763,2108,ACTIVE,3/10/2026,seed from tblMoldDesign MoldDesignID=2037,,
2109,SK015-MDID-2038,SK-015,65,1764,2109,ACTIVE,3/10/2026,seed from tblMoldDesign MoldDesignID=2038,,
2110,SK019-MDID-2039,SK-019,65,1765,2110,ACTIVE,3/10/2026,seed from tblMoldDesign MoldDesignID=2039,,
2111,SK020-MDID-2040,SK-020,65,1766,2111,ACTIVE,3/10/2026,seed from tblMoldDesign MoldDesignID=2040,,
2112,SK024B-MDID-2041,SK-024B,65,1767,2112,ACTIVE,3/10/2026,seed from tblMoldDesign MoldDesignID=2041,,
2113,SK024T-MDID-2042,SK-024T,65,1767,2113,ACTIVE,3/10/2026,seed from tblMoldDesign MoldDesignID=2042,,
2114,SK026-MDID-2043,SK-026,65,4125,2114,ACTIVE,3/10/2026,seed from tblMoldDesign MoldDesignID=2043,,
2115,SK029-MDID-2044,SK-029,65,1769,2115,ACTIVE,3/10/2026,seed from tblMoldDesign MoldDesignID=2044,,
2116,SK030-MDID-2045,SK-030,65,1770,2116,ACTIVE,3/10/2026,seed from tblMoldDesign MoldDesignID=2045,,
2117,SK031-MDID-2046,SK-031,65,1771,2117,ACTIVE,3/10/2026,seed from tblMoldDesign MoldDesignID=2046,,
2118,SK037-MDID-2047,SK-037,65,1772,2118,ACTIVE,3/10/2026,seed from tblMoldDesign MoldDesignID=2047,,
2119,SK039R-MDID-2048,SK-039R,65,4126,2119,ACTIVE,3/10/2026,seed from tblMoldDesign MoldDesignID=2048,,
2120,SK043B-MDID-2049,SK-043B,65,1773,2120,ACTIVE,3/10/2026,seed from tblMoldDesign MoldDesignID=2049,,
2121,SK043T-MDID-2050,SK-043T,65,1773,2121,ACTIVE,3/10/2026,seed from tblMoldDesign MoldDesignID=2050,,
2122,SK046-MDID-2051,SK-046,65,4127,2122,ACTIVE,3/10/2026,seed from tblMoldDesign MoldDesignID=2051,,
2123,SK048-MDID-2052,SK-048,65,4128,2123,ACTIVE,10/20/2014,seed from tblMoldDesign MoldDesignID=2052,,
2124,SK048R-MDID-2053,SK-048R,65,4128,2124,ACTIVE,3/10/2026,seed from tblMoldDesign MoldDesignID=2053,,
2125,SK051-MDID-2054,SK-051,65,4130,2125,ACTIVE,10/16/2015,seed from tblMoldDesign MoldDesignID=2054,,
2126,SKC001-MDID-2055,SKC-001,66,1775,2126,ACTIVE,3/10/2026,seed from tblMoldDesign MoldDesignID=2055,,
2127,SKK002-MDID-2056,SKK-002,67,1776,2127,ACTIVE,11/10/2015,seed from tblMoldDesign MoldDesignID=2056,,
2128,SKK003-MDID-2057,SKK-003,67,4131,2128,ACTIVE,1/21/2016,seed from tblMoldDesign MoldDesignID=2057,,
2129,SKK004-MDID-2058,SKK-004,67,1777,2129,ACTIVE,7/10/2019,seed from tblMoldDesign MoldDesignID=2058,,
2130,SKK006-MDID-2059,SKK-006,67,1778,2130,ACTIVE,3/10/2026,seed from tblMoldDesign MoldDesignID=2059,,
2131,SKK007-MDID-2060,SKK-007,67,1779,2131,ACTIVE,3/10/2026,seed from tblMoldDesign MoldDesignID=2060,,
2132,SKK007R1-MDID-2061,SKK-007 R1,67,1779,2132,ACTIVE,3/10/2026,seed from tblMoldDesign MoldDesignID=2061,,
2133,SKK008?-MDID-2062,SKK-008?,67,1780,2133,ACTIVE,3/10/2026,seed from tblMoldDesign MoldDesignID=2062,,
2134,SKK008-MDID-2063,SKK-008,67,1780,2134,ACTIVE,3/10/2026,seed from tblMoldDesign MoldDesignID=2063,,
2135,SKO001-MDID-2064,SKO-001,68,1781,2135,ACTIVE,3/5/2021,seed from tblMoldDesign MoldDesignID=2064,,
2136,SKS001-MDID-2065,SKS-001,69,1782,2136,ACTIVE,3/10/2026,seed from tblMoldDesign MoldDesignID=2065,,
2137,SKS002-MDID-2066,SKS-002,69,1783,2137,ACTIVE,3/10/2026,seed from tblMoldDesign MoldDesignID=2066,,
2138,SKS005-MDID-2067,SKS-005,69,1784,2138,ACTIVE,3/10/2026,seed from tblMoldDesign MoldDesignID=2067,,
2139,SKS009-MDID-2068,SKS-009,69,1785,2139,ACTIVE,10/20/2014,seed from tblMoldDesign MoldDesignID=2068,,
2140,SKS011-MDID-2069,SKS-011,69,1786,2140,ACTIVE,10/20/2014,seed from tblMoldDesign MoldDesignID=2069,,
2141,SKS012-MDID-2070,SKS-012,69,4132,2141,ACTIVE,10/20/2014,seed from tblMoldDesign MoldDesignID=2070,,
2142,SKS013-MDID-2071,SKS-013,69,1787,2142,ACTIVE,10/20/2014,seed from tblMoldDesign MoldDesignID=2071,,
2143,SKS014-MDID-2072,SKS-014,69,1788,2143,ACTIVE,3/10/2026,seed from tblMoldDesign MoldDesignID=2072,,
2144,SLK100-MDID-2073,SLK-100,70,1789,2144,ACTIVE,3/10/2026,seed from tblMoldDesign MoldDesignID=2073,,
2145,SLK103-MDID-2074,SLK-103,70,1790,2145,ACTIVE,3/10/2026,seed from tblMoldDesign MoldDesignID=2074,,
2146,SLK105-MDID-2075,SLK-105,70,1791,2146,ACTIVE,3/10/2026,seed from tblMoldDesign MoldDesignID=2075,,
2147,SLK106-MDID-2076,SLK-106,70,1792,2147,ACTIVE,3/10/2026,seed from tblMoldDesign MoldDesignID=2076,,
2148,SLK107-MDID-2077,SLK-107,70,1793,2148,ACTIVE,3/10/2026,seed from tblMoldDesign MoldDesignID=2077,,
2149,SLK108-MDID-2078,SLK-108,70,1794,2149,ACTIVE,3/10/2026,seed from tblMoldDesign MoldDesignID=2078,,
2150,SLK110-MDID-2079,SLK-110,70,4133,2150,ACTIVE,3/10/2026,seed from tblMoldDesign MoldDesignID=2079,,
2151,SLK111-MDID-2080,SLK-111,70,4134,2151,ACTIVE,3/10/2026,seed from tblMoldDesign MoldDesignID=2080,,
2152,SLK112-MDID-2081,SLK-112,70,1795,2152,ACTIVE,3/10/2026,seed from tblMoldDesign MoldDesignID=2081,,
2153,SLK113-MDID-2082,SLK-113,70,4135,2153,ACTIVE,3/10/2026,seed from tblMoldDesign MoldDesignID=2082,,
2154,SLK114-MDID-2083,SLK-114,70,1796,2154,ACTIVE,3/10/2026,seed from tblMoldDesign MoldDesignID=2083,,
2155,SLK117-MDID-2084,SLK-117,70,1797,2155,ACTIVE,3/10/2026,seed from tblMoldDesign MoldDesignID=2084,,
2156,SLK118-MDID-2085,SLK-118,70,1798,2156,ACTIVE,3/10/2026,seed from tblMoldDesign MoldDesignID=2085,,
2157,SLK119-MDID-2086,SLK-119,70,4136,2157,ACTIVE,3/10/2026,seed from tblMoldDesign MoldDesignID=2086,,
2158,SLK120-MDID-2087,SLK-120,70,1799,2158,ACTIVE,3/10/2026,seed from tblMoldDesign MoldDesignID=2087,,
2159,SLK128-MDID-2088,SLK-128,70,4137,2159,ACTIVE,3/10/2026,seed from tblMoldDesign MoldDesignID=2088,,
2160,SLK130-MDID-2089,SLK-130,70,1800,2160,ACTIVE,3/10/2026,seed from tblMoldDesign MoldDesignID=2089,,
2161,SLKNoNumber-MDID-2090,SLK-NoNumber,70,1801,2161,ACTIVE,3/10/2026,seed from tblMoldDesign MoldDesignID=2090,,
2162,SMK-MDID-2091,SMK,71,4138,2162,ACTIVE,10/20/2014,seed from tblMoldDesign MoldDesignID=2091,,
2163,SMK001-MDID-2092,SMK-001,71,1802,2163,ACTIVE,3/10/2026,seed from tblMoldDesign MoldDesignID=2092,,
2164,SMK010-MDID-2093,SMK-010,71,4139,2164,ACTIVE,3/10/2026,seed from tblMoldDesign MoldDesignID=2093,,
2165,SMK014-MDID-2094,SMK-014,71,4140,2165,ACTIVE,3/10/2026,seed from tblMoldDesign MoldDesignID=2094,,
2166,SMK015-MDID-2095,SMK-015,71,4141,2166,ACTIVE,3/10/2026,seed from tblMoldDesign MoldDesignID=2095,,
2167,SMK025-MDID-2096,SMK-025,71,4142,2167,ACTIVE,3/10/2026,seed from tblMoldDesign MoldDesignID=2096,,
2168,SMK028-MDID-2097,SMK-028,71,4143,2168,ACTIVE,3/10/2026,seed from tblMoldDesign MoldDesignID=2097,,
2169,SMK036-MDID-2098,SMK-036,71,4144,2169,ACTIVE,3/10/2026,seed from tblMoldDesign MoldDesignID=2098,,
2170,SMK039-MDID-2099,SMK-039,71,4145,2170,ACTIVE,3/10/2026,seed from tblMoldDesign MoldDesignID=2099,,
2171,SMK040-MDID-2100,SMK-040,71,4146,2171,ACTIVE,3/10/2026,seed from tblMoldDesign MoldDesignID=2100,,
2172,SMK050-MDID-2101,SMK-050,71,4147,2172,ACTIVE,3/10/2026,seed from tblMoldDesign MoldDesignID=2101,,
2173,SMK053-MDID-2102,SMK-053,71,4148,2173,ACTIVE,3/10/2026,seed from tblMoldDesign MoldDesignID=2102,,
2174,SMK061-MDID-2103,SMK-061,71,4149,2174,ACTIVE,3/10/2026,seed from tblMoldDesign MoldDesignID=2103,,
2175,SMK066-MDID-2104,SMK-066,71,4150,2175,ACTIVE,3/10/2026,seed from tblMoldDesign MoldDesignID=2104,,
2176,SMK090-MDID-2105,SMK-090,71,4151,2176,ACTIVE,3/10/2026,seed from tblMoldDesign MoldDesignID=2105,,
2177,SMK094-MDID-2106,SMK-094,71,1803,2177,ACTIVE,3/10/2026,seed from tblMoldDesign MoldDesignID=2106,,
2178,SMK108-MDID-2107,SMK-108,71,4152,2178,ACTIVE,3/10/2026,seed from tblMoldDesign MoldDesignID=2107,,
2179,SMK110-MDID-2108,SMK-110,71,1804,2179,ACTIVE,3/10/2026,seed from tblMoldDesign MoldDesignID=2108,,
2180,SMK114-MDID-2109,SMK-114,71,4153,2180,ACTIVE,3/10/2026,seed from tblMoldDesign MoldDesignID=2109,,
2181,SMK117-MDID-2110,SMK-117,71,4154,2181,ACTIVE,10/20/2014,seed from tblMoldDesign MoldDesignID=2110,,
2182,SMK125-MDID-2111,SMK-125,71,4155,2182,ACTIVE,10/20/2014,seed from tblMoldDesign MoldDesignID=2111,,
2183,SMK131-MDID-2112,SMK-131,71,4156,2183,ACTIVE,10/20/2014,seed from tblMoldDesign MoldDesignID=2112,,
2184,SMK133-MDID-2113,SMK-133,71,4157,2184,ACTIVE,10/20/2014,seed from tblMoldDesign MoldDesignID=2113,,
2185,SMK137-MDID-2114,SMK-137,71,4158,2185,ACTIVE,10/20/2014,seed from tblMoldDesign MoldDesignID=2114,,
2186,SMK141-MDID-2115,SMK-141,71,4159,2186,ACTIVE,10/20/2014,seed from tblMoldDesign MoldDesignID=2115,,
2187,SMK143-MDID-2116,SMK-143,71,4160,2187,ACTIVE,10/20/2014,seed from tblMoldDesign MoldDesignID=2116,,
2188,SMK146-MDID-2117,SMK-146,71,1805,2188,ACTIVE,10/20/2014,seed from tblMoldDesign MoldDesignID=2117,,
2189,SMK149-MDID-2118,SMK-149,71,1806,2189,ACTIVE,10/20/2014,seed from tblMoldDesign MoldDesignID=2118,,
2190,SMK152-MDID-2119,SMK-152,71,4161,2190,ACTIVE,10/20/2014,seed from tblMoldDesign MoldDesignID=2119,,
2191,SMK163-MDID-2120,SMK-163,71,4162,2191,ACTIVE,10/20/2014,seed from tblMoldDesign MoldDesignID=2120,,
2192,SMK166-MDID-2121,SMK-166,71,4163,2192,ACTIVE,3/10/2026,seed from tblMoldDesign MoldDesignID=2121,,
2193,SMK168-MDID-2122,SMK-168,71,2961,2193,ACTIVE,3/10/2026,seed from tblMoldDesign MoldDesignID=2122,,
2194,SMK171-MDID-2123,SMK-171,71,1807,2194,ACTIVE,4/6/2015,seed from tblMoldDesign MoldDesignID=2123,,
2195,SMK178-MDID-2124,SMK-178,71,1808,2195,ACTIVE,9/9/2015,seed from tblMoldDesign MoldDesignID=2124,,
2196,SMK179使用禁止-MDID-2125,SMK-179 使用禁止,71,1809,2196,ACTIVE,3/10/2026,seed from tblMoldDesign MoldDesignID=2125,,
2197,SMK183-MDID-2126,SMK-183,71,1810,2197,ACTIVE,4/3/2017,seed from tblMoldDesign MoldDesignID=2126,,
2198,SMK184-MDID-2127,SMK-184,71,1811,2198,ACTIVE,2/10/2017,seed from tblMoldDesign MoldDesignID=2127,,
2199,SMK185-MDID-2128,SMK-185,71,4165,2199,ACTIVE,3/25/2017,seed from tblMoldDesign MoldDesignID=2128,,
2200,SMK186-MDID-2129,SMK-186,71,4166,2200,ACTIVE,5/1/2017,seed from tblMoldDesign MoldDesignID=2129,,
2201,SMK188-MDID-2130,SMK-188,71,1812,2201,ACTIVE,8/19/2017,seed from tblMoldDesign MoldDesignID=2130,,
2202,SMK192-MDID-2131,SMK-192,71,1813,2202,ACTIVE,4/24/2018,seed from tblMoldDesign MoldDesignID=2131,,
2203,SMK193-MDID-2132,SMK-193,71,4167,2203,ACTIVE,5/11/2018,seed from tblMoldDesign MoldDesignID=2132,,
2204,SMK198-MDID-2133,SMK-198,71,1814,2204,ACTIVE,12/25/2018,seed from tblMoldDesign MoldDesignID=2133,,
2205,SMK202-MDID-2134,SMK-202,71,1815,2205,ACTIVE,5/30/2019,seed from tblMoldDesign MoldDesignID=2134,,
2206,SMK203-MDID-2135,SMK-203,71,1816,2206,ACTIVE,6/6/2019,seed from tblMoldDesign MoldDesignID=2135,,
2207,SMK204-MDID-2136,SMK-204,71,1817,2207,ACTIVE,6/9/2020,seed from tblMoldDesign MoldDesignID=2136,,
2208,SMK205-MDID-2137,SMK-205,71,1818,2208,ACTIVE,10/14/2020,seed from tblMoldDesign MoldDesignID=2137,,
2209,SMK207-MDID-2138,SMK-207,71,1819,2209,ACTIVE,11/11/2020,seed from tblMoldDesign MoldDesignID=2138,,
2210,SMK209-MDID-2139,SMK-209,71,1820,2210,ACTIVE,1/7/2021,seed from tblMoldDesign MoldDesignID=2139,,
2211,SMK211-MDID-2140,SMK-211,71,1821,2211,ACTIVE,3/10/2026,seed from tblMoldDesign MoldDesignID=2140,,
2212,SMK212-MDID-2141,SMK-212,71,1822,2212,ACTIVE,3/10/2026,seed from tblMoldDesign MoldDesignID=2141,,
2213,SMK213-MDID-2142,SMK-213,71,1823,2213,ACTIVE,3/10/2026,seed from tblMoldDesign MoldDesignID=2142,,
2214,SMK214-MDID-2143,SMK-214,71,1824,2214,ACTIVE,9/2/2022,seed from tblMoldDesign MoldDesignID=2143,,
2215,SMK215-MDID-2144,SMK-215,71,1825,2215,ACTIVE,3/10/2026,seed from tblMoldDesign MoldDesignID=2144,,
2216,SMK216-MDID-2145,SMK-216,71,1826,2216,ACTIVE,3/10/2026,seed from tblMoldDesign MoldDesignID=2145,,
2217,SMK217-MDID-2146,SMK-217,71,1827,2217,ACTIVE,3/10/2026,seed from tblMoldDesign MoldDesignID=2146,,
2218,SMK217R6-MDID-2147,SMK-217 R6,71,1827,2218,ACTIVE,3/10/2026,seed from tblMoldDesign MoldDesignID=2147,,
2219,SMT001-MDID-2148,SMT-001,72,1828,2219,ACTIVE,8/23/2017,seed from tblMoldDesign MoldDesignID=2148,,
2220,SNK001-MDID-2149,SNK-001,302,1829,2220,ACTIVE,3/10/2026,seed from tblMoldDesign MoldDesignID=2149,,
2221,SNM001-MDID-2150,SNM-001,73,1830,2221,ACTIVE,1/16/2019,seed from tblMoldDesign MoldDesignID=2150,,
2222,SNM002-MDID-2151,SNM-002,73,1831,2222,ACTIVE,2/18/2019,seed from tblMoldDesign MoldDesignID=2151,,
2223,SNM003-MDID-2152,SNM-003,73,1832,2223,ACTIVE,11/9/2020,seed from tblMoldDesign MoldDesignID=2152,,
2224,SNT001-MDID-2153,SNT-001,74,1833,2224,ACTIVE,3/10/2026,seed from tblMoldDesign MoldDesignID=2153,,
2225,SNT002-MDID-2154,SNT-002,74,1834,2225,ACTIVE,3/10/2026,seed from tblMoldDesign MoldDesignID=2154,,
2226,SNT003-MDID-2155,SNT-003,74,1835,2226,ACTIVE,3/10/2026,seed from tblMoldDesign MoldDesignID=2155,,
2227,SNT004-MDID-2156,SNT-004,74,1836,2227,ACTIVE,3/10/2026,seed from tblMoldDesign MoldDesignID=2156,,
2228,SP014-MDID-2157,SP-014,338,4168,2228,ACTIVE,3/10/2026,seed from tblMoldDesign MoldDesignID=2157,,
2229,SP016-MDID-2158,SP-016,338,4169,2229,ACTIVE,3/10/2026,seed from tblMoldDesign MoldDesignID=2158,,
2230,SP030-MDID-2159,SP-030,338,4170,2230,ACTIVE,3/10/2026,seed from tblMoldDesign MoldDesignID=2159,,
2231,SP253207240-MDID-2160,SP2-53-207-240,75,1837,2231,ACTIVE,3/10/2026,seed from tblMoldDesign MoldDesignID=2160,,
2232,SP30S14010-MDID-2161,SP30-S-140-10,76,1838,2232,ACTIVE,3/10/2026,seed from tblMoldDesign MoldDesignID=2161,,
2233,SPJ008-MDID-2162,SPJ-008,77,1839,2233,ACTIVE,3/10/2026,seed from tblMoldDesign MoldDesignID=2162,,
2234,SPJ014-MDID-2163,SPJ-014,77,1840,2234,ACTIVE,3/10/2026,seed from tblMoldDesign MoldDesignID=2163,,
2235,SPJ016-MDID-2164,SPJ-016,77,1841,2235,ACTIVE,3/10/2026,seed from tblMoldDesign MoldDesignID=2164,,
2236,SPJ018-MDID-2165,SPJ-018,77,1842,2236,ACTIVE,3/10/2026,seed from tblMoldDesign MoldDesignID=2165,,
2237,SPJ019-MDID-2166,SPJ-019,77,1843,2237,ACTIVE,3/10/2026,seed from tblMoldDesign MoldDesignID=2166,,
2238,SPJ025-MDID-2167,SPJ-025,77,1844,2238,ACTIVE,3/10/2026,seed from tblMoldDesign MoldDesignID=2167,,
2239,SPJ031B-MDID-2168,SPJ-031B,77,4171,2239,ACTIVE,10/20/2014,seed from tblMoldDesign MoldDesignID=2168,,
2240,SPJ031T-MDID-2169,SPJ-031T,77,4171,2240,ACTIVE,10/20/2014,seed from tblMoldDesign MoldDesignID=2169,,
2241,SPJ032-MDID-2170,SPJ-032,77,1845,2241,ACTIVE,3/10/2026,seed from tblMoldDesign MoldDesignID=2170,,
2242,SPJ033-MDID-2171,SPJ-033,77,1846,2242,ACTIVE,3/10/2026,seed from tblMoldDesign MoldDesignID=2171,,
2243,SPJ034-MDID-2172,SPJ-034,77,1847,2243,ACTIVE,10/20/2014,seed from tblMoldDesign MoldDesignID=2172,,
2244,SPJ040B-MDID-2173,SPJ-040B,77,1848,2244,ACTIVE,3/10/2026,seed from tblMoldDesign MoldDesignID=2173,,
2245,SPJ040T-MDID-2174,SPJ-040T,77,1848,2245,ACTIVE,3/10/2026,seed from tblMoldDesign MoldDesignID=2174,,
2246,SPJ046-MDID-2175,SPJ-046,77,1850,2246,ACTIVE,10/20/2014,seed from tblMoldDesign MoldDesignID=2175,,
2247,SPJ047-MDID-2176,SPJ-047,77,1851,2247,ACTIVE,10/20/2014,seed from tblMoldDesign MoldDesignID=2176,,
2248,SPJ048B-MDID-2177,SPJ-048B,77,1852,2248,ACTIVE,10/20/2014,seed from tblMoldDesign MoldDesignID=2177,,
2249,SPJ048T-MDID-2178,SPJ-048T,77,1852,2249,ACTIVE,10/20/2014,seed from tblMoldDesign MoldDesignID=2178,,
2250,SPK001-MDID-2179,SPK-001,78,1854,2250,ACTIVE,10/20/2014,seed from tblMoldDesign MoldDesignID=2179,,
2251,SRD001-MDID-2180,SRD-001,310,1855,2251,ACTIVE,1/24/2015,seed from tblMoldDesign MoldDesignID=2180,,
2252,SRD049-MDID-2181,SRD-049,310,4173,2252,ACTIVE,3/10/2026,seed from tblMoldDesign MoldDesignID=2181,,
2253,SRI001-MDID-2182,SRI-001,79,1856,2253,ACTIVE,12/17/2019,seed from tblMoldDesign MoldDesignID=2182,,
2254,SRI002-MDID-2183,SRI-002,79,1857,2254,ACTIVE,4/1/2021,seed from tblMoldDesign MoldDesignID=2183,,
2255,SRI003-MDID-2184,SRI-003,79,1858,2255,ACTIVE,5/19/2021,seed from tblMoldDesign MoldDesignID=2184,,
2256,SRI004-MDID-2185,SRI-004,79,1859,2256,ACTIVE,3/10/2026,seed from tblMoldDesign MoldDesignID=2185,,
2257,SRI005-MDID-2186,SRI-005,79,1860,2257,ACTIVE,3/10/2026,seed from tblMoldDesign MoldDesignID=2186,,
2258,SRI006-MDID-2187,SRI-006,79,1861,2258,ACTIVE,3/10/2026,seed from tblMoldDesign MoldDesignID=2187,,
2259,SRI009-MDID-2188,SRI-009,79,1862,2259,ACTIVE,3/10/2026,seed from tblMoldDesign MoldDesignID=2188,,
2260,SSI-MDID-2189,SSI,272,4174,2260,ACTIVE,12/14/2018,seed from tblMoldDesign MoldDesignID=2189,,
2261,SSI001-MDID-2190,SSI-001,272,1863,2261,ACTIVE,12/14/2018,seed from tblMoldDesign MoldDesignID=2190,,
2262,SSI002-MDID-2191,SSI-002,272,1864,2262,ACTIVE,12/14/2018,seed from tblMoldDesign MoldDesignID=2191,,
2263,SSJ-MDID-2192,SSJ,256,1865,2263,ACTIVE,10/20/2014,seed from tblMoldDesign MoldDesignID=2192,,
2264,SSJ009-MDID-2193,SSJ-009,256,4175,2264,ACTIVE,2/5/2015,seed from tblMoldDesign MoldDesignID=2193,,
2265,"SSJ012PP,PS-MDID-2194","SSJ-012 PP, PS",256,4176,2265,ACTIVE,3/10/2026,seed from tblMoldDesign MoldDesignID=2194,,
2266,SSJ014-MDID-2197,SSJ-014,256,1866,2266,ACTIVE,3/10/2026,seed from tblMoldDesign MoldDesignID=2197,,
2267,SSJ015-MDID-2201,SSJ-015,256,4182,2267,ACTIVE,3/10/2026,seed from tblMoldDesign MoldDesignID=2201,,
2268,SSJ016-MDID-2202,SSJ-016,256,1867,2268,ACTIVE,3/10/2026,seed from tblMoldDesign MoldDesignID=2202,,
2269,SSJ017-MDID-2205,SSJ-017,256,4185,2269,ACTIVE,3/10/2026,seed from tblMoldDesign MoldDesignID=2205,,
2270,SSJ018-MDID-2206,SSJ-018,256,1868,2270,ACTIVE,3/10/2026,seed from tblMoldDesign MoldDesignID=2206,,
2271,SSJ020-MDID-2207,SSJ-020,256,1869,2271,ACTIVE,3/10/2026,seed from tblMoldDesign MoldDesignID=2207,,
2272,SSK001-MDID-2208,SSK-001,80,1870,2272,ACTIVE,10/28/2015,seed from tblMoldDesign MoldDesignID=2208,,
2273,SSK002-MDID-2209,SSK-002,80,1871,2273,ACTIVE,3/10/2026,seed from tblMoldDesign MoldDesignID=2209,,
2274,SSK003-MDID-2210,SSK-003,80,1872,2274,ACTIVE,3/10/2026,seed from tblMoldDesign MoldDesignID=2210,,
2275,SSK004-MDID-2211,SSK-004,80,1873,2275,ACTIVE,3/10/2026,seed from tblMoldDesign MoldDesignID=2211,,
2276,SSK005-MDID-2212,SSK-005,80,1874,2276,ACTIVE,3/10/2026,seed from tblMoldDesign MoldDesignID=2212,,
2277,SSK006-MDID-2213,SSK-006,80,1875,2277,ACTIVE,3/7/2016,seed from tblMoldDesign MoldDesignID=2213,,
2278,SSK006R2-MDID-2214,SSK-006 R2,80,1875,2278,ACTIVE,4/4/2016,seed from tblMoldDesign MoldDesignID=2214,,
2279,SSK008-MDID-2215,SSK-008,80,1876,2279,ACTIVE,3/10/2026,seed from tblMoldDesign MoldDesignID=2215,,
2280,SSK009-MDID-2216,SSK-009,80,1877,2280,ACTIVE,11/2/2020,seed from tblMoldDesign MoldDesignID=2216,,
2281,SSK010-MDID-2217,SSK-010,80,1878,2281,ACTIVE,2/24/2023,seed from tblMoldDesign MoldDesignID=2217,,
2282,SSM001-MDID-2218,SSM-001,81,1879,2282,ACTIVE,3/10/2026,seed from tblMoldDesign MoldDesignID=2218,,
2283,SSM002-MDID-2219,SSM-002,81,1880,2283,ACTIVE,10/20/2014,seed from tblMoldDesign MoldDesignID=2219,,
2284,SSM003-MDID-2220,SSM-003,81,1881,2284,ACTIVE,10/20/2014,seed from tblMoldDesign MoldDesignID=2220,,
2285,SSM004-MDID-2221,SSM-004,81,1882,2285,ACTIVE,10/20/2014,seed from tblMoldDesign MoldDesignID=2221,,
2286,SSM005-MDID-2222,SSM-005,81,1883,2286,ACTIVE,10/20/2014,seed from tblMoldDesign MoldDesignID=2222,,
2287,SSM006-MDID-2223,SSM-006,81,1884,2287,ACTIVE,10/20/2014,seed from tblMoldDesign MoldDesignID=2223,,
2288,SSM014-MDID-2224,SSM-014,81,1885,2288,ACTIVE,10/20/2014,seed from tblMoldDesign MoldDesignID=2224,,
2289,SSM015-MDID-2225,SSM-015,81,1886,2289,ACTIVE,10/20/2014,seed from tblMoldDesign MoldDesignID=2225,,
2290,SSM016-MDID-2226,SSM-016,81,1887,2290,ACTIVE,11/13/2014,seed from tblMoldDesign MoldDesignID=2226,,
2291,SSM017-MDID-2227,SSM-017,81,1888,2291,ACTIVE,12/14/2014,seed from tblMoldDesign MoldDesignID=2227,,
2292,SSM018-MDID-2228,SSM-018,81,1889,2292,ACTIVE,1/19/2015,seed from tblMoldDesign MoldDesignID=2228,,
2293,SSM019-MDID-2229,SSM-019,81,1890,2293,ACTIVE,11/5/2015,seed from tblMoldDesign MoldDesignID=2229,,
2294,SSM020-MDID-2230,SSM-020,81,1891,2294,ACTIVE,11/24/2015,seed from tblMoldDesign MoldDesignID=2230,,
2295,SSM021-MDID-2231,SSM-021,81,1892,2295,ACTIVE,12/7/2015,seed from tblMoldDesign MoldDesignID=2231,,
2296,SSM022-MDID-2232,SSM-022,81,1893,2296,ACTIVE,12/1/2015,seed from tblMoldDesign MoldDesignID=2232,,
2297,SSM023-MDID-2233,SSM-023,81,1894,2297,ACTIVE,12/2/2015,seed from tblMoldDesign MoldDesignID=2233,,
2298,SSM024-MDID-2234,SSM-024,81,1895,2298,ACTIVE,1/25/2016,seed from tblMoldDesign MoldDesignID=2234,,
2299,SSM025-MDID-2235,SSM-025,81,1896,2299,ACTIVE,3/8/2016,seed from tblMoldDesign MoldDesignID=2235,,
2300,SSM026-MDID-2236,SSM-026,81,1897,2300,ACTIVE,6/13/2016,seed from tblMoldDesign MoldDesignID=2236,,
2301,SSM027-MDID-2237,SSM-027,81,1898,2301,ACTIVE,6/4/2016,seed from tblMoldDesign MoldDesignID=2237,,
2302,SSM028-MDID-2238,SSM-028,81,1899,2302,ACTIVE,6/4/2016,seed from tblMoldDesign MoldDesignID=2238,,
2303,SSM029-MDID-2239,SSM-029,81,1900,2303,ACTIVE,5/28/2016,seed from tblMoldDesign MoldDesignID=2239,,
2304,SSM030-MDID-2240,SSM-030,81,1901,2304,ACTIVE,7/11/2016,seed from tblMoldDesign MoldDesignID=2240,,
2305,SSM031-MDID-2241,SSM-031,81,1902,2305,ACTIVE,10/18/2017,seed from tblMoldDesign MoldDesignID=2241,,
2306,SSM032-MDID-2242,SSM-032,81,1903,2306,ACTIVE,11/15/2017,seed from tblMoldDesign MoldDesignID=2242,,
2307,SSM033-MDID-2243,SSM-033,81,1904,2307,ACTIVE,3/2/2018,seed from tblMoldDesign MoldDesignID=2243,,
2308,SSM034S-MDID-2244,SSM-034S,81,1905,2308,ACTIVE,3/10/2026,seed from tblMoldDesign MoldDesignID=2244,,
2309,SSM035-MDID-2245,SSM-035,81,1906,2309,ACTIVE,6/4/2018,seed from tblMoldDesign MoldDesignID=2245,,
2310,SSM036-MDID-2246,SSM-036,81,1907,2310,ACTIVE,7/3/2018,seed from tblMoldDesign MoldDesignID=2246,,
2311,SSM037-MDID-2247,SSM-037,81,1908,2311,ACTIVE,9/28/2018,seed from tblMoldDesign MoldDesignID=2247,,
2312,SSM038-MDID-2248,SSM-038,81,1909,2312,ACTIVE,9/26/2019,seed from tblMoldDesign MoldDesignID=2248,,
2313,SSM039-MDID-2249,SSM-039,81,1910,2313,ACTIVE,8/16/2019,seed from tblMoldDesign MoldDesignID=2249,,
2314,SSM040-MDID-2250,SSM-040,81,1911,2314,ACTIVE,11/2/2020,seed from tblMoldDesign MoldDesignID=2250,,
2315,SSM041-MDID-2251,SSM-041,81,1912,2315,ACTIVE,3/3/2021,seed from tblMoldDesign MoldDesignID=2251,,
2316,SSM042-MDID-2252,SSM-042,81,1913,2316,ACTIVE,3/10/2026,seed from tblMoldDesign MoldDesignID=2252,,
2317,SSM043-MDID-2253,SSM-043,81,1914,2317,ACTIVE,3/10/2026,seed from tblMoldDesign MoldDesignID=2253,,
2318,SSM044-MDID-2254,SSM-044,81,1915,2318,ACTIVE,3/10/2026,seed from tblMoldDesign MoldDesignID=2254,,
2319,SSM045-MDID-2255,SSM-045,81,1916,2319,ACTIVE,3/10/2026,seed from tblMoldDesign MoldDesignID=2255,,
2320,SSM046-MDID-2256,SSM-046,81,1917,2320,ACTIVE,3/10/2026,seed from tblMoldDesign MoldDesignID=2256,,
2321,SSM047-MDID-2257,SSM-047,81,1918,2321,ACTIVE,3/10/2026,seed from tblMoldDesign MoldDesignID=2257,,
2322,SSM048-MDID-2258,SSM-048,81,1919,2322,ACTIVE,3/10/2026,seed from tblMoldDesign MoldDesignID=2258,,
2323,SSM049-MDID-2259,SSM-049,81,1920,2323,ACTIVE,3/10/2026,seed from tblMoldDesign MoldDesignID=2259,,
2324,SSM050-MDID-2260,SSM-050,81,1921,2324,ACTIVE,3/10/2026,seed from tblMoldDesign MoldDesignID=2260,,
2325,SSM050D-MDID-2261,SSM-050D,81,1921,2325,ACTIVE,3/10/2026,seed from tblMoldDesign MoldDesignID=2261,,
2326,SSM051-MDID-2262,SSM-051,81,1922,2326,ACTIVE,3/10/2026,seed from tblMoldDesign MoldDesignID=2262,,
2327,SSM051D-MDID-2263,SSM-051D,81,1922,2327,ACTIVE,5/12/2023,seed from tblMoldDesign MoldDesignID=2263,,
2328,SSM052D-MDID-2265,SSM-052D,81,1923,2328,ACTIVE,3/10/2026,seed from tblMoldDesign MoldDesignID=2265,,
2329,SSM052-MDID-2266,SSM-052,81,1923,2329,ACTIVE,5/29/2023,seed from tblMoldDesign MoldDesignID=2266,,
2330,SSM053？-MDID-2267,SSM-053？,81,1924,2330,ACTIVE,3/10/2026,seed from tblMoldDesign MoldDesignID=2267,,
2331,SSM053D-MDID-2268,SSM-053D,81,1924,2331,ACTIVE,3/10/2026,seed from tblMoldDesign MoldDesignID=2268,,
2332,SSM053-MDID-2269,SSM-053,81,1924,2332,ACTIVE,5/29/2023,seed from tblMoldDesign MoldDesignID=2269,,
2333,SSM054DR2-MDID-2270,SSM-054D R2,81,1925,2333,ACTIVE,3/10/2026,seed from tblMoldDesign MoldDesignID=2270,,
2334,SSM054-MDID-2271,SSM-054,81,1925,2334,ACTIVE,3/10/2026,seed from tblMoldDesign MoldDesignID=2271,,
2335,SSM054R5-MDID-2272,SSM-054R5,81,1925,2335,ACTIVE,3/10/2026,seed from tblMoldDesign MoldDesignID=2272,,
2336,SSM055？-MDID-2273,SSM-055？,81,1927,2336,ACTIVE,3/10/2026,seed from tblMoldDesign MoldDesignID=2273,,
2337,SSM055D-MDID-2274,SSM-055D,81,1927,2337,ACTIVE,3/10/2026,seed from tblMoldDesign MoldDesignID=2274,,
2338,SSM055-MDID-2275,SSM-055,81,1927,2338,ACTIVE,3/10/2026,seed from tblMoldDesign MoldDesignID=2275,,
2339,STD001-MDID-2276,STD-001,82,1928,2339,ACTIVE,10/20/2014,seed from tblMoldDesign MoldDesignID=2276,,
2340,STD002-MDID-2277,STD-002,82,1929,2340,ACTIVE,1/27/2015,seed from tblMoldDesign MoldDesignID=2277,,
2341,STD003-MDID-2278,STD-003,82,1930,2341,ACTIVE,1/8/2015,seed from tblMoldDesign MoldDesignID=2278,,
2342,STD004-MDID-2279,STD-004,82,1931,2342,ACTIVE,2/1/2018,seed from tblMoldDesign MoldDesignID=2279,,
2343,STD005-MDID-2280,STD-005,82,1932,2343,ACTIVE,9/12/2018,seed from tblMoldDesign MoldDesignID=2280,,
2344,STD006-MDID-2281,STD-006,82,1933,2344,ACTIVE,3/10/2026,seed from tblMoldDesign MoldDesignID=2281,,
2345,STD016-MDID-2282,STD-016,82,1933,2345,ACTIVE,3/10/2026,seed from tblMoldDesign MoldDesignID=2282,,
2346,STD02-MDID-2283,STD-02,82,4187,2346,ACTIVE,3/10/2026,seed from tblMoldDesign MoldDesignID=2283,,
2347,STF001-MDID-2284,STF-001,83,4188,2347,ACTIVE,10/20/2014,seed from tblMoldDesign MoldDesignID=2284,,
2348,STF002-MDID-2285,STF-002,83,1934,2348,ACTIVE,10/20/2014,seed from tblMoldDesign MoldDesignID=2285,,
2349,STF003-MDID-2286,STF-003,83,1935,2349,ACTIVE,10/20/2014,seed from tblMoldDesign MoldDesignID=2286,,
2350,STF004-MDID-2287,STF-004,83,4189,2350,ACTIVE,10/20/2014,seed from tblMoldDesign MoldDesignID=2287,,
2351,STF005-MDID-2288,STF-005,83,1936,2351,ACTIVE,3/10/2026,seed from tblMoldDesign MoldDesignID=2288,,
2352,STF006-MDID-2289,STF-006,83,1937,2352,ACTIVE,10/20/2014,seed from tblMoldDesign MoldDesignID=2289,,
2353,STF007-MDID-2290,STF-007,83,1938,2353,ACTIVE,3/10/2026,seed from tblMoldDesign MoldDesignID=2290,,
2354,STF008-MDID-2291,STF-008,83,1939,2354,ACTIVE,3/10/2026,seed from tblMoldDesign MoldDesignID=2291,,
2355,STF009-MDID-2292,STF-009,83,1940,2355,ACTIVE,3/10/2026,seed from tblMoldDesign MoldDesignID=2292,,
2356,STF010？-MDID-2293,STF-010？,83,1941,2356,ACTIVE,3/10/2026,seed from tblMoldDesign MoldDesignID=2293,,
2357,STF010D-MDID-2294,STF-010D,83,1941,2357,ACTIVE,3/10/2026,seed from tblMoldDesign MoldDesignID=2294,,
2358,STF010-MDID-2295,STF-010,83,1941,2358,ACTIVE,3/10/2026,seed from tblMoldDesign MoldDesignID=2295,,
2359,STN001-MDID-2296,STN-001,84,1942,2359,ACTIVE,3/10/2026,seed from tblMoldDesign MoldDesignID=2296,,
2360,STN002-MDID-2297,STN-002,84,1943,2360,ACTIVE,3/10/2026,seed from tblMoldDesign MoldDesignID=2297,,
2361,STP001-MDID-2298,STP-001,266,1944,2361,ACTIVE,7/3/2017,seed from tblMoldDesign MoldDesignID=2298,,
2362,STY001-MDID-2299,STY-001,317,1945,2362,ACTIVE,12/3/2014,seed from tblMoldDesign MoldDesignID=2299,,
2363,SWJ004-MDID-2300,SWJ-004,85,4190,2363,ACTIVE,10/20/2014,seed from tblMoldDesign MoldDesignID=2300,,
2364,SWJ006-MDID-2301,SWJ-006,85,1946,2364,ACTIVE,10/20/2014,seed from tblMoldDesign MoldDesignID=2301,,
2365,SWJ008-MDID-2302,SWJ-008,85,1947,2365,ACTIVE,10/20/2014,seed from tblMoldDesign MoldDesignID=2302,,
2366,SWJ009-MDID-2303,SWJ-009,85,1948,2366,ACTIVE,10/20/2014,seed from tblMoldDesign MoldDesignID=2303,,
2367,SWN001-MDID-2304,SWN-001,287,1949,2367,ACTIVE,3/13/2015,seed from tblMoldDesign MoldDesignID=2304,,
2368,SWS001-MDID-2305,SWS-001,86,1950,2368,ACTIVE,3/10/2026,seed from tblMoldDesign MoldDesignID=2305,,
2369,SWS002-MDID-2306,SWS-002,86,1951,2369,ACTIVE,3/10/2026,seed from tblMoldDesign MoldDesignID=2306,,
2370,SYS001-MDID-2307,SYS-001,87,1952,2370,ACTIVE,10/20/2014,seed from tblMoldDesign MoldDesignID=2307,,
2371,SZT001-MDID-2308,SZT-001,88,1953,2371,ACTIVE,11/11/2014,seed from tblMoldDesign MoldDesignID=2308,,
2372,SZT002-MDID-2309,SZT-002,88,1954,2372,ACTIVE,10/5/2015,seed from tblMoldDesign MoldDesignID=2309,,
2373,SZT003-MDID-2310,SZT-003,88,4191,2373,ACTIVE,4/14/2015,seed from tblMoldDesign MoldDesignID=2310,,
2374,SZT003B-MDID-2311,SZT-003B,88,4191,2374,ACTIVE,4/14/2015,seed from tblMoldDesign MoldDesignID=2311,,
2375,SZT003T-MDID-2312,SZT-003T,88,4191,2375,ACTIVE,4/15/2015,seed from tblMoldDesign MoldDesignID=2312,,
2376,SZT004-MDID-2313,SZT-004,88,1957,2376,ACTIVE,5/19/2016,seed from tblMoldDesign MoldDesignID=2313,,
2377,SZT005-MDID-2314,SZT-005,88,1958,2377,ACTIVE,1/25/2016,seed from tblMoldDesign MoldDesignID=2314,,
2378,SZT007B-MDID-2315,SZT-007B,88,1959,2378,ACTIVE,12/8/2016,seed from tblMoldDesign MoldDesignID=2315,,
2379,SZT007T-MDID-2316,SZT-007T,88,1959,2379,ACTIVE,12/5/2016,seed from tblMoldDesign MoldDesignID=2316,,
2380,T000560W-MDID-2317,T-0005-60W,89,1960,2380,ACTIVE,3/10/2026,seed from tblMoldDesign MoldDesignID=2317,,
2381,T000660W-MDID-2318,T-0006-60W,89,1961,2381,ACTIVE,3/10/2026,seed from tblMoldDesign MoldDesignID=2318,,
2382,NPCT409-MDID-2319,NPC-T-409,25,1962,2382,ACTIVE,3/10/2026,seed from tblMoldDesign MoldDesignID=2319,,
2383,TBG001-MDID-2320,TBG-001,90,1963,2383,ACTIVE,10/20/2014,seed from tblMoldDesign MoldDesignID=2320,,
2384,TBG002-MDID-2321,TBG-002,90,1964,2384,ACTIVE,10/20/2014,seed from tblMoldDesign MoldDesignID=2321,,
2385,TBG003-MDID-2322,TBG-003,90,1965,2385,ACTIVE,10/20/2014,seed from tblMoldDesign MoldDesignID=2322,,
2386,TBG004-MDID-2323,TBG-004,90,1966,2386,ACTIVE,10/20/2014,seed from tblMoldDesign MoldDesignID=2323,,
2387,TBG005-MDID-2324,TBG-005,90,1967,2387,ACTIVE,10/20/2014,seed from tblMoldDesign MoldDesignID=2324,,
2388,TBG006-MDID-2325,TBG-006,90,1968,2388,ACTIVE,10/20/2014,seed from tblMoldDesign MoldDesignID=2325,,
2389,TBG007-MDID-2326,TBG-007,90,1969,2389,ACTIVE,10/20/2014,seed from tblMoldDesign MoldDesignID=2326,,
2390,TBG008-MDID-2327,TBG-008,90,1970,2390,ACTIVE,10/20/2014,seed from tblMoldDesign MoldDesignID=2327,,
2391,TBG009-MDID-2328,TBG-009,90,1971,2391,ACTIVE,9/7/2015,seed from tblMoldDesign MoldDesignID=2328,,
2392,TBG010-MDID-2329,TBG-010,90,1972,2392,ACTIVE,1/16/2016,seed from tblMoldDesign MoldDesignID=2329,,
2393,TBG011-MDID-2330,TBG-011,90,1973,2393,ACTIVE,2/16/2016,seed from tblMoldDesign MoldDesignID=2330,,
2394,TBG012-MDID-2331,TBG-012,90,1974,2394,ACTIVE,2/17/2016,seed from tblMoldDesign MoldDesignID=2331,,
2395,TBG013-MDID-2332,TBG-013,90,1975,2395,ACTIVE,7/26/2016,seed from tblMoldDesign MoldDesignID=2332,,
2396,TBG014-MDID-2333,TBG-014,90,1976,2396,ACTIVE,5/16/2016,seed from tblMoldDesign MoldDesignID=2333,,
2397,TBG015-MDID-2334,TBG-015,90,1977,2397,ACTIVE,5/19/2016,seed from tblMoldDesign MoldDesignID=2334,,
2398,TBG017-MDID-2335,TBG-017,90,1978,2398,ACTIVE,8/19/2016,seed from tblMoldDesign MoldDesignID=2335,,
2399,TBG018-MDID-2336,TBG-018,90,1979,2399,ACTIVE,11/9/2016,seed from tblMoldDesign MoldDesignID=2336,,
2400,TBG018PP-MDID-2337,TBG-018PP,90,1979,2400,ACTIVE,3/10/2026,seed from tblMoldDesign MoldDesignID=2337,,
2401,TBG019-MDID-2338,TBG-019,90,1981,2401,ACTIVE,12/16/2016,seed from tblMoldDesign MoldDesignID=2338,,
2402,TBG022-MDID-2339,TBG-022,90,1982,2402,ACTIVE,5/16/2018,seed from tblMoldDesign MoldDesignID=2339,,
2403,TBG023-MDID-2340,TBG-023,90,1983,2403,ACTIVE,5/29/2018,seed from tblMoldDesign MoldDesignID=2340,,
2404,TBG024-MDID-2341,TBG-024,90,4193,2404,ACTIVE,8/1/2018,seed from tblMoldDesign MoldDesignID=2341,,
2405,TBG025-MDID-2342,TBG-025,90,1984,2405,ACTIVE,7/9/2019,seed from tblMoldDesign MoldDesignID=2342,,
2406,TBG026-MDID-2343,TBG-026,90,1985,2406,ACTIVE,12/18/2019,seed from tblMoldDesign MoldDesignID=2343,,
2407,TBG027-MDID-2344,TBG-027,90,1986,2407,ACTIVE,12/26/2019,seed from tblMoldDesign MoldDesignID=2344,,
2408,TBG028-MDID-2345,TBG-028,90,1987,2408,ACTIVE,6/12/2020,seed from tblMoldDesign MoldDesignID=2345,,
2409,TBG030-MDID-2346,TBG-030,90,1988,2409,ACTIVE,6/30/2021,seed from tblMoldDesign MoldDesignID=2346,,
2410,TBG031-MDID-2347,TBG-031,90,1989,2410,ACTIVE,3/10/2026,seed from tblMoldDesign MoldDesignID=2347,,
2411,TBG032-MDID-2348,TBG-032,90,1990,2411,ACTIVE,3/10/2026,seed from tblMoldDesign MoldDesignID=2348,,
2412,TCB001-MDID-2349,TCB-001,253,1991,2412,ACTIVE,3/10/2026,seed from tblMoldDesign MoldDesignID=2349,,
2413,TCB002-MDID-2350,TCB-002,253,1992,2413,ACTIVE,3/10/2026,seed from tblMoldDesign MoldDesignID=2350,,
2414,TCB003-MDID-2351,TCB-003,253,1993,2414,ACTIVE,3/10/2026,seed from tblMoldDesign MoldDesignID=2351,,
2415,TCB005-MDID-2352,TCB-005,253,1994,2415,ACTIVE,9/18/2019,seed from tblMoldDesign MoldDesignID=2352,,
2416,TCS001-MDID-2353,TCS-001,91,1995,2416,ACTIVE,10/20/2014,seed from tblMoldDesign MoldDesignID=2353,,
2417,TDS001-MDID-2354,TDS-001,92,1996,2417,ACTIVE,10/20/2014,seed from tblMoldDesign MoldDesignID=2354,,
2418,TDS002-MDID-2355,TDS-002,92,1997,2418,ACTIVE,10/20/2014,seed from tblMoldDesign MoldDesignID=2355,,
2419,TDS003-MDID-2356,TDS-003,92,1998,2419,ACTIVE,10/20/2014,seed from tblMoldDesign MoldDesignID=2356,,
2420,TDS004-MDID-2357,TDS-004,92,1999,2420,ACTIVE,10/20/2014,seed from tblMoldDesign MoldDesignID=2357,,
2421,TDS005-MDID-2358,TDS-005,92,2000,2421,ACTIVE,10/28/2017,seed from tblMoldDesign MoldDesignID=2358,,
2422,TDS006-MDID-2359,TDS-006,92,2001,2422,ACTIVE,7/31/2019,seed from tblMoldDesign MoldDesignID=2359,,
2423,TDS006R2-MDID-2360,TDS-006 R2,92,2001,2423,ACTIVE,3/10/2026,seed from tblMoldDesign MoldDesignID=2360,,
2424,TDS007-MDID-2361,TDS-007,92,2002,2424,ACTIVE,8/1/2019,seed from tblMoldDesign MoldDesignID=2361,,
2425,TDS007R2-MDID-2362,TDS-007 R2,92,2002,2425,ACTIVE,3/10/2026,seed from tblMoldDesign MoldDesignID=2362,,
2426,TDS008-MDID-2363,TDS-008,92,2003,2426,ACTIVE,9/3/2019,seed from tblMoldDesign MoldDesignID=2363,,
2427,TDS009-MDID-2364,TDS-009,92,2004,2427,ACTIVE,11/25/2019,seed from tblMoldDesign MoldDesignID=2364,,
2428,TDS010-MDID-2365,TDS-010,92,2005,2428,ACTIVE,3/10/2026,seed from tblMoldDesign MoldDesignID=2365,,
2429,TDW001R3-MDID-2366,TDW-001 R3,351,2006,2429,ACTIVE,8/19/2024,seed from tblMoldDesign MoldDesignID=2366,,
2430,TDW001DR3-MDID-2368,TDW-001D R3,351,2006,2430,ACTIVE,3/10/2026,seed from tblMoldDesign MoldDesignID=2368,,
2431,TE-MDID-2369,TE,93,2007,2431,ACTIVE,4/24/2015,seed from tblMoldDesign MoldDesignID=2369,,
2432,TE001-MDID-2370,TE-001,93,2009,2432,ACTIVE,10/20/2014,seed from tblMoldDesign MoldDesignID=2370,,
2433,TE00181-MDID-2371,TE-0-018-1,93,2010,2433,ACTIVE,3/10/2026,seed from tblMoldDesign MoldDesignID=2371,,
2434,TE00189-MDID-2372,TE-0-018-9,93,2011,2434,ACTIVE,3/10/2026,seed from tblMoldDesign MoldDesignID=2372,,
2435,TE00193-MDID-2373,TE-0-019-3,93,2012,2435,ACTIVE,10/20/2014,seed from tblMoldDesign MoldDesignID=2373,,
2436,TE00194-MDID-2374,TE-0-019-4,93,2013,2436,ACTIVE,3/10/2026,seed from tblMoldDesign MoldDesignID=2374,,
2437,TE00196-MDID-2375,TE-0-019-6,93,2014,2437,ACTIVE,3/10/2026,seed from tblMoldDesign MoldDesignID=2375,,
2438,TE00197-MDID-2376,TE-0-019-7,93,2015,2438,ACTIVE,3/10/2026,seed from tblMoldDesign MoldDesignID=2376,,
2439,TE002-MDID-2377,TE-002,93,2016,2439,ACTIVE,10/20/2014,seed from tblMoldDesign MoldDesignID=2377,,
2440,TE00202-MDID-2378,TE-0-020-2,93,2017,2440,ACTIVE,3/10/2026,seed from tblMoldDesign MoldDesignID=2378,,
2441,TE00203-MDID-2379,TE-0-020-3,93,2018,2441,ACTIVE,3/10/2026,seed from tblMoldDesign MoldDesignID=2379,,
2442,TE00205-MDID-2380,TE-0-020-5,93,2019,2442,ACTIVE,3/10/2026,seed from tblMoldDesign MoldDesignID=2380,,
2443,TE00206-MDID-2381,TE-0-020-6,93,2020,2443,ACTIVE,3/10/2026,seed from tblMoldDesign MoldDesignID=2381,,
2444,TE00211-MDID-2382,TE-0-021-1,93,2021,2444,ACTIVE,3/10/2026,seed from tblMoldDesign MoldDesignID=2382,,
2445,TE00212-MDID-2383,TE-0-021-2,93,2022,2445,ACTIVE,3/10/2026,seed from tblMoldDesign MoldDesignID=2383,,
2446,TE00213-MDID-2384,TE-0-021-3,93,2023,2446,ACTIVE,10/20/2014,seed from tblMoldDesign MoldDesignID=2384,,
2447,TE00214-MDID-2385,TE-0-021-4,93,2024,2447,ACTIVE,3/10/2026,seed from tblMoldDesign MoldDesignID=2385,,
2448,TE00215-MDID-2386,TE-0-021-5,93,2025,2448,ACTIVE,3/10/2026,seed from tblMoldDesign MoldDesignID=2386,,
2449,TE00216-MDID-2387,TE-0-021-6,93,2026,2449,ACTIVE,3/10/2026,seed from tblMoldDesign MoldDesignID=2387,,
2450,TE00217-MDID-2388,TE-0-021-7,93,4194,2450,ACTIVE,3/10/2026,seed from tblMoldDesign MoldDesignID=2388,,
2451,TE00219-MDID-2389,TE-0-021-9,93,2027,2451,ACTIVE,3/10/2026,seed from tblMoldDesign MoldDesignID=2389,,
2452,TE00221-MDID-2390,TE-0-022-1,93,2028,2452,ACTIVE,10/20/2014,seed from tblMoldDesign MoldDesignID=2390,,
2453,TE00223-MDID-2391,TE-0-022-3,93,2029,2453,ACTIVE,3/10/2026,seed from tblMoldDesign MoldDesignID=2391,,
2454,TE00227-MDID-2392,TE-0-022-7,93,2030,2454,ACTIVE,3/10/2026,seed from tblMoldDesign MoldDesignID=2392,,
2455,TE00229-MDID-2393,TE-0-022-9,93,2031,2455,ACTIVE,3/10/2026,seed from tblMoldDesign MoldDesignID=2393,,
2456,TE00231-MDID-2394,TE-0-023-1,93,2032,2456,ACTIVE,10/12/2020,seed from tblMoldDesign MoldDesignID=2394,,
2457,TE00233-MDID-2395,TE-0-023-3,93,2033,2457,ACTIVE,3/10/2026,seed from tblMoldDesign MoldDesignID=2395,,
2458,TE00238-MDID-2396,TE-0-023-8,93,2034,2458,ACTIVE,4/14/2015,seed from tblMoldDesign MoldDesignID=2396,,
2459,TE003-MDID-2397,TE-003,93,2035,2459,ACTIVE,10/20/2014,seed from tblMoldDesign MoldDesignID=2397,,
2460,TE00451-MDID-2398,TE-0-045-1,93,2036,2460,ACTIVE,3/10/2026,seed from tblMoldDesign MoldDesignID=2398,,
2461,TE00573-MDID-2399,TE-0-057-3,93,4199,2461,ACTIVE,3/10/2026,seed from tblMoldDesign MoldDesignID=2399,,
2462,TE00716-MDID-2400,TE-0-071-6,93,2037,2462,ACTIVE,3/10/2026,seed from tblMoldDesign MoldDesignID=2400,,
2463,TE00722-MDID-2401,TE-0-072-2,93,2038,2463,ACTIVE,3/10/2026,seed from tblMoldDesign MoldDesignID=2401,,
2464,TE00729-MDID-2402,TE-0-072-9,93,2039,2464,ACTIVE,3/10/2026,seed from tblMoldDesign MoldDesignID=2402,,
2465,TE00794-MDID-2403,TE-0-079-4,93,2040,2465,ACTIVE,3/10/2026,seed from tblMoldDesign MoldDesignID=2403,,
2466,TE01082-MDID-2404,TE-0-108-2,93,2041,2466,ACTIVE,3/10/2026,seed from tblMoldDesign MoldDesignID=2404,,
2467,TE01085-MDID-2405,TE-0-108-5,93,2042,2467,ACTIVE,3/10/2026,seed from tblMoldDesign MoldDesignID=2405,,
2468,TE01086-MDID-2406,TE-0-108-6,93,2043,2468,ACTIVE,3/10/2026,seed from tblMoldDesign MoldDesignID=2406,,
2469,TE01109-MDID-2407,TE-0-110-9,93,2044,2469,ACTIVE,3/10/2026,seed from tblMoldDesign MoldDesignID=2407,,
2470,TE01271-MDID-2408,TE-0-127-1,93,2045,2470,ACTIVE,3/10/2026,seed from tblMoldDesign MoldDesignID=2408,,
2471,TE01272-MDID-2409,TE-0-127-2,93,2046,2471,ACTIVE,3/10/2026,seed from tblMoldDesign MoldDesignID=2409,,
2472,TE01273-MDID-2410,TE-0-127-3,93,2047,2472,ACTIVE,3/10/2026,seed from tblMoldDesign MoldDesignID=2410,,
2473,TE01277-MDID-2411,TE-0-127-7,93,2048,2473,ACTIVE,3/10/2026,seed from tblMoldDesign MoldDesignID=2411,,
2474,TE01278-MDID-2412,TE-0-127-8,93,2049,2474,ACTIVE,3/10/2026,seed from tblMoldDesign MoldDesignID=2412,,
2475,TE01281-MDID-2413,TE-0-128-1,93,2050,2475,ACTIVE,3/10/2026,seed from tblMoldDesign MoldDesignID=2413,,
2476,TE01282-MDID-2414,TE-0-128-2,93,2051,2476,ACTIVE,3/10/2026,seed from tblMoldDesign MoldDesignID=2414,,
2477,TE01295-MDID-2415,TE-0-129-5,93,2052,2477,ACTIVE,3/10/2026,seed from tblMoldDesign MoldDesignID=2415,,
2478,TE01297-MDID-2416,TE-0-129-7,93,2053,2478,ACTIVE,3/10/2026,seed from tblMoldDesign MoldDesignID=2416,,
2479,TE01298-MDID-2418,TE-0-129-8,93,2054,2479,ACTIVE,3/10/2026,seed from tblMoldDesign MoldDesignID=2418,,
2480,TE01299-MDID-2419,TE-0-129-9,93,2055,2480,ACTIVE,3/10/2026,seed from tblMoldDesign MoldDesignID=2419,,
2481,TE013-MDID-2420,TE-013,93,4196,2481,ACTIVE,7/5/2019,seed from tblMoldDesign MoldDesignID=2420,,
2482,TE01309-MDID-2421,TE-0-130-9,93,2056,2482,ACTIVE,3/10/2026,seed from tblMoldDesign MoldDesignID=2421,,
2483,TE01363-MDID-2422,TE-0-136-3,93,2057,2483,ACTIVE,3/10/2026,seed from tblMoldDesign MoldDesignID=2422,,
2484,TE01364-MDID-2423,TE-0-136-4,93,2058,2484,ACTIVE,3/10/2026,seed from tblMoldDesign MoldDesignID=2423,,
2485,TE014-MDID-2424,TE-014,93,2059,2485,ACTIVE,10/1/2019,seed from tblMoldDesign MoldDesignID=2424,,
2486,TE01414-MDID-2425,TE-0-141-4,93,2060,2486,ACTIVE,3/10/2026,seed from tblMoldDesign MoldDesignID=2425,,
2487,TE01437-MDID-2426,TE-0-143-7,93,2061,2487,ACTIVE,3/10/2026,seed from tblMoldDesign MoldDesignID=2426,,
2488,TE01561-MDID-2427,TE-0-156-1,93,2062,2488,ACTIVE,3/10/2026,seed from tblMoldDesign MoldDesignID=2427,,
2489,TE01569-MDID-2428,TE-0-156-9,93,4197,2489,ACTIVE,3/10/2026,seed from tblMoldDesign MoldDesignID=2428,,
2490,TE01569Ver2-MDID-2429,TE-0-156-9 Ver2,93,4197,2490,ACTIVE,3/10/2026,seed from tblMoldDesign MoldDesignID=2429,,
2491,TE01592-MDID-2430,TE-0-159-2,93,4370,2491,ACTIVE,9/4/2024,seed from tblMoldDesign MoldDesignID=2430,,
2492,TE01594-MDID-2431,TE-0-159-4,93,2063,2492,ACTIVE,1/12/2016,seed from tblMoldDesign MoldDesignID=2431,,
2493,TE01598-MDID-2432,TE-0-159-8,93,2064,2493,ACTIVE,1/14/2016,seed from tblMoldDesign MoldDesignID=2432,,
2494,Te01611-MDID-2433,Te-0-161-1,93,2065,2494,ACTIVE,6/3/2019,seed from tblMoldDesign MoldDesignID=2433,,
2495,TE01612-MDID-2434,TE-0-161-2,93,2066,2495,ACTIVE,6/10/2019,seed from tblMoldDesign MoldDesignID=2434,,
2496,TE01613-MDID-2435,TE-0-161-3,93,2067,2496,ACTIVE,6/10/2019,seed from tblMoldDesign MoldDesignID=2435,,
2497,TE01616-MDID-2436,TE-0-161-6,93,2068,2497,ACTIVE,4/11/2019,seed from tblMoldDesign MoldDesignID=2436,,
2498,TE01617-MDID-2437,TE-0-161-7,93,2069,2498,ACTIVE,4/8/2019,seed from tblMoldDesign MoldDesignID=2437,,
2499,TE01618-MDID-2438,TE-0-161-8,93,2070,2499,ACTIVE,4/8/2019,seed from tblMoldDesign MoldDesignID=2438,,
2500,TE01619-MDID-2439,TE-0-161-9,93,2071,2500,ACTIVE,10/19/2018,seed from tblMoldDesign MoldDesignID=2439,,
2501,TE022-MDID-2440,TE-022,93,2072,2501,ACTIVE,3/10/2026,seed from tblMoldDesign MoldDesignID=2440,,
2502,TE024-MDID-2441,TE-024,93,2073,2502,ACTIVE,3/10/2026,seed from tblMoldDesign MoldDesignID=2441,,
2503,TE025-MDID-2442,TE-025,93,2074,2503,ACTIVE,3/10/2026,seed from tblMoldDesign MoldDesignID=2442,,
2504,TE02554580-MDID-2443,TE-025-54580,93,2075,2504,ACTIVE,3/10/2026,seed from tblMoldDesign MoldDesignID=2443,,
2505,TE02554581-MDID-2444,TE-025-54581,93,2076,2505,ACTIVE,3/10/2026,seed from tblMoldDesign MoldDesignID=2444,,
2506,TE10176-MDID-2445,TE-1-017-6,93,2077,2506,ACTIVE,3/10/2026,seed from tblMoldDesign MoldDesignID=2445,,
2507,TE10180-MDID-2446,TE-1-018-0,93,2078,2507,ACTIVE,3/10/2026,seed from tblMoldDesign MoldDesignID=2446,,
2508,TE10181-MDID-2447,TE-1-018-1,93,2079,2508,ACTIVE,3/10/2026,seed from tblMoldDesign MoldDesignID=2447,,
2509,TE10182-MDID-2448,TE-1-018-2,93,2080,2509,ACTIVE,3/10/2026,seed from tblMoldDesign MoldDesignID=2448,,
2510,TE10183-MDID-2449,TE-1-018-3,93,2081,2510,ACTIVE,3/10/2026,seed from tblMoldDesign MoldDesignID=2449,,
2511,TE10184-MDID-2450,TE-1-018-4,93,2082,2511,ACTIVE,3/10/2026,seed from tblMoldDesign MoldDesignID=2450,,
2512,TE10192R-MDID-2451,TE-1-019-2 R,93,4200,2512,ACTIVE,3/10/2026,seed from tblMoldDesign MoldDesignID=2451,,
2513,TE10194-MDID-2452,TE-1-019-4,93,2083,2513,ACTIVE,3/10/2026,seed from tblMoldDesign MoldDesignID=2452,,
2514,TE10195-MDID-2453,TE-1-019-5,93,2084,2514,ACTIVE,3/10/2026,seed from tblMoldDesign MoldDesignID=2453,,
2515,TE10197-MDID-2454,TE-1-019-7,93,2085,2515,ACTIVE,3/10/2026,seed from tblMoldDesign MoldDesignID=2454,,
2516,TE10198-MDID-2455,TE-1-019-8,93,2086,2516,ACTIVE,3/10/2026,seed from tblMoldDesign MoldDesignID=2455,,
2517,TE10201-MDID-2456,TE-1-020-1,93,2087,2517,ACTIVE,3/10/2026,seed from tblMoldDesign MoldDesignID=2456,,
2518,TE10202-MDID-2457,TE-1-020-2,93,2088,2518,ACTIVE,3/10/2026,seed from tblMoldDesign MoldDesignID=2457,,
2519,TE10205-MDID-2458,TE-1-020-5,93,2089,2519,ACTIVE,3/10/2026,seed from tblMoldDesign MoldDesignID=2458,,
2520,TE10206-MDID-2459,TE-1-020-6,93,2090,2520,ACTIVE,3/10/2026,seed from tblMoldDesign MoldDesignID=2459,,
2521,TE10210-MDID-2460,TE-1-021-0,93,2091,2521,ACTIVE,8/28/2018,seed from tblMoldDesign MoldDesignID=2460,,
2522,TE10220-MDID-2461,TE-1-022-0,93,2092,2522,ACTIVE,3/10/2026,seed from tblMoldDesign MoldDesignID=2461,,
2523,TE10221-MDID-2462,TE-1-022-1,93,2093,2523,ACTIVE,3/10/2026,seed from tblMoldDesign MoldDesignID=2462,,
2524,TE10223-MDID-2463,TE-1-022-3,93,2094,2524,ACTIVE,3/10/2026,seed from tblMoldDesign MoldDesignID=2463,,
2525,TE10224-MDID-2464,TE-1-022-4,93,2095,2525,ACTIVE,3/10/2026,seed from tblMoldDesign MoldDesignID=2464,,
2526,TE10225-MDID-2465,TE-1-022-5,93,2096,2526,ACTIVE,3/10/2026,seed from tblMoldDesign MoldDesignID=2465,,
2527,TE10227-MDID-2466,TE-1-022-7,93,2097,2527,ACTIVE,3/10/2026,seed from tblMoldDesign MoldDesignID=2466,,
2528,TE10228-MDID-2467,TE-1-022-8,93,2098,2528,ACTIVE,3/10/2026,seed from tblMoldDesign MoldDesignID=2467,,
2529,TE10232-MDID-2468,TE-1-023-2,93,2099,2529,ACTIVE,3/10/2026,seed from tblMoldDesign MoldDesignID=2468,,
2530,TE10236-MDID-2469,TE-1-023-6,93,2100,2530,ACTIVE,3/10/2026,seed from tblMoldDesign MoldDesignID=2469,,
2531,TE10248-MDID-2470,TE-1-024-8,93,4201,2531,ACTIVE,3/10/2026,seed from tblMoldDesign MoldDesignID=2470,,
2532,TE10559-MDID-2471,TE-1-055-9,93,2101,2532,ACTIVE,3/10/2026,seed from tblMoldDesign MoldDesignID=2471,,
2533,TE10563-MDID-2472,TE-1-056-3,93,2102,2533,ACTIVE,3/10/2026,seed from tblMoldDesign MoldDesignID=2472,,
2534,TE10652-MDID-2473,TE-1-065-2,93,2103,2534,ACTIVE,3/10/2026,seed from tblMoldDesign MoldDesignID=2473,,
2535,TE10731-MDID-2474,TE-1-073-1,93,2104,2535,ACTIVE,8/9/2016,seed from tblMoldDesign MoldDesignID=2474,,
2536,TE10734-MDID-2475,TE-1-073-4,93,2105,2536,ACTIVE,3/10/2026,seed from tblMoldDesign MoldDesignID=2475,,
2537,TE10748-MDID-2476,TE-1-074-8,93,2106,2537,ACTIVE,3/10/2026,seed from tblMoldDesign MoldDesignID=2476,,
2538,TE10789-MDID-2477,TE-1-078-9,93,2,2538,ACTIVE,3/10/2026,seed from tblMoldDesign MoldDesignID=2477,,
2539,TE10794-MDID-2478,TE-1-079-4,93,2107,2539,ACTIVE,3/10/2026,seed from tblMoldDesign MoldDesignID=2478,,
2540,TE10962-MDID-2479,TE-1-096-2,93,2108,2540,ACTIVE,3/10/2026,seed from tblMoldDesign MoldDesignID=2479,,
2541,TE11086-MDID-2480,TE-1-108-6,93,2109,2541,ACTIVE,3/10/2026,seed from tblMoldDesign MoldDesignID=2480,,
2542,TE11087-MDID-2481,TE-1-108-7,93,2110,2542,ACTIVE,3/10/2026,seed from tblMoldDesign MoldDesignID=2481,,
2543,TE11089-MDID-2482,TE-1-108-9,93,2111,2543,ACTIVE,3/10/2026,seed from tblMoldDesign MoldDesignID=2482,,
2544,TE11104-MDID-2483,TE-1-110-4,93,2112,2544,ACTIVE,3/10/2026,seed from tblMoldDesign MoldDesignID=2483,,
2545,TE11105M(Y)-MDID-2484,TE-1-110-5M(Y),93,2113,2545,ACTIVE,3/10/2026,seed from tblMoldDesign MoldDesignID=2484,,
2546,TE11270-MDID-2485,TE-1-127-0,93,3,2546,ACTIVE,3/10/2026,seed from tblMoldDesign MoldDesignID=2485,,
2547,TE11271R1-MDID-2486,TE-1-127-1R1,93,2114,2547,ACTIVE,3/10/2026,seed from tblMoldDesign MoldDesignID=2486,,
2548,TE11273-MDID-2487,TE-1-127-3,93,2115,2548,ACTIVE,3/10/2026,seed from tblMoldDesign MoldDesignID=2487,,
2549,TE11274-MDID-2488,TE-1-127-4,93,2116,2549,ACTIVE,3/10/2026,seed from tblMoldDesign MoldDesignID=2488,,
2550,TE11275-MDID-2489,TE-1-127-5,93,2117,2550,ACTIVE,3/10/2026,seed from tblMoldDesign MoldDesignID=2489,,
2551,TE11276-MDID-2490,TE-1-127-6,93,2118,2551,ACTIVE,3/10/2026,seed from tblMoldDesign MoldDesignID=2490,,
2552,TE11277-MDID-2491,TE-1-127-7,93,4,2552,ACTIVE,3/10/2026,seed from tblMoldDesign MoldDesignID=2491,,
2553,TE11292-MDID-2492,TE-1-129-2,93,2119,2553,ACTIVE,3/10/2026,seed from tblMoldDesign MoldDesignID=2492,,
2554,TE11293-MDID-2493,TE-1-129-3,93,4207,2554,ACTIVE,3/10/2026,seed from tblMoldDesign MoldDesignID=2493,,
2555,TE11299-MDID-2494,TE-1-129-9,93,2120,2555,ACTIVE,3/10/2026,seed from tblMoldDesign MoldDesignID=2494,,
2556,TE11303-MDID-2495,TE-1-130-3,93,2121,2556,ACTIVE,3/10/2026,seed from tblMoldDesign MoldDesignID=2495,,
2557,TE11304-MDID-2496,TE-1-130-4,93,2122,2557,ACTIVE,3/10/2026,seed from tblMoldDesign MoldDesignID=2496,,
2558,TE11305-MDID-2497,TE-1-130-5,93,2123,2558,ACTIVE,3/10/2026,seed from tblMoldDesign MoldDesignID=2497,,
2559,TE11307-MDID-2498,TE-1-130-7,93,2124,2559,ACTIVE,3/10/2026,seed from tblMoldDesign MoldDesignID=2498,,
2560,TE11308-MDID-2499,TE-1-130-8,93,2125,2560,ACTIVE,3/10/2026,seed from tblMoldDesign MoldDesignID=2499,,
2561,TE11309-MDID-2500,TE-1-130-9,93,2126,2561,ACTIVE,3/10/2026,seed from tblMoldDesign MoldDesignID=2500,,
2562,TE11410-MDID-2501,TE-1-141-0,93,2127,2562,ACTIVE,10/20/2014,seed from tblMoldDesign MoldDesignID=2501,,
2563,TE11411-MDID-2502,TE-1-141-1,93,2128,2563,ACTIVE,3/10/2026,seed from tblMoldDesign MoldDesignID=2502,,
2564,TE11413-MDID-2503,TE-1-141-3,93,5,2564,ACTIVE,10/20/2014,seed from tblMoldDesign MoldDesignID=2503,,
2565,TE11416-MDID-2504,TE-1-141-6,93,2129,2565,ACTIVE,3/10/2026,seed from tblMoldDesign MoldDesignID=2504,,
2566,TE11417-MDID-2505,TE-1-141-7,93,2130,2566,ACTIVE,3/10/2026,seed from tblMoldDesign MoldDesignID=2505,,
2567,TE11439-MDID-2506,TE-1-143-9,93,2131,2567,ACTIVE,3/10/2026,seed from tblMoldDesign MoldDesignID=2506,,
2568,TE11451-MDID-2507,TE-1-145-1,93,2132,2568,ACTIVE,3/10/2026,seed from tblMoldDesign MoldDesignID=2507,,
2569,TE11457-MDID-2508,TE-1-145-7,93,2133,2569,ACTIVE,3/10/2026,seed from tblMoldDesign MoldDesignID=2508,,
2570,TE11561-MDID-2509,TE-1-156-1,93,2134,2570,ACTIVE,3/10/2026,seed from tblMoldDesign MoldDesignID=2509,,
2571,TE11571-MDID-2510,TE-1-157-1,93,2960,2571,ACTIVE,10/20/2014,seed from tblMoldDesign MoldDesignID=2510,,
2572,TE11604-MDID-2511,TE-1-160-4,93,6,2572,ACTIVE,4/3/2017,seed from tblMoldDesign MoldDesignID=2511,,
2573,TE11604Atype-MDID-2512,TE-1-160-4 A type,93,6,2573,ACTIVE,3/10/2026,seed from tblMoldDesign MoldDesignID=2512,,
2574,TE11604Kaizen-MDID-2513,TE-1-160-4 Kaizen,93,6,2574,ACTIVE,3/10/2026,seed from tblMoldDesign MoldDesignID=2513,,
2575,TE11610-MDID-2514,TE-1-161-0,93,2135,2575,ACTIVE,10/19/2018,seed from tblMoldDesign MoldDesignID=2514,,
2576,TE11619-MDID-2515,TE-1-161-9,93,2136,2576,ACTIVE,3/15/2019,seed from tblMoldDesign MoldDesignID=2515,,
2577,TE11622R-MDID-2516,TE-1-162-2 R,93,2137,2577,ACTIVE,1/26/2021,seed from tblMoldDesign MoldDesignID=2516,,
2578,TE11622旧金型-MDID-2517,TE-1-162-2 旧金型,93,2137,2578,ACTIVE,3/10/2026,seed from tblMoldDesign MoldDesignID=2517,,
2579,TE11623-MDID-2518,TE-1-162-3,93,2139,2579,ACTIVE,5/14/2020,seed from tblMoldDesign MoldDesignID=2518,,
2580,TE11631D-MDID-2519,TE-1-163-1D,93,7,2580,ACTIVE,3/10/2026,seed from tblMoldDesign MoldDesignID=2519,,
2581,TE11632D-MDID-2520,TE-1-163-2D,93,8,2581,ACTIVE,3/10/2026,seed from tblMoldDesign MoldDesignID=2520,,
2582,TE11632DR1-MDID-2521,TE-1-163-2D R1,93,8,2582,ACTIVE,8/26/2024,seed from tblMoldDesign MoldDesignID=2521,,
2583,TE11777PLUG-MDID-2522,TE-1-177-7PLUG,93,2140,2583,ACTIVE,3/10/2026,seed from tblMoldDesign MoldDesignID=2522,,
2584,TE12793341-MDID-2523,TE-1279334-1,93,2141,2584,ACTIVE,3/10/2026,seed from tblMoldDesign MoldDesignID=2523,,
2585,TE12795081-MDID-2524,TE-1279508-1,93,4212,2585,ACTIVE,3/10/2026,seed from tblMoldDesign MoldDesignID=2524,,
2586,TE12795082-MDID-2525,TE-1279508-2,93,2142,2586,ACTIVE,3/10/2026,seed from tblMoldDesign MoldDesignID=2525,,
2587,TE12795083-MDID-2526,TE-1279508-3,93,2143,2587,ACTIVE,3/10/2026,seed from tblMoldDesign MoldDesignID=2526,,
2588,TE12795084-MDID-2527,TE-1279508-4,93,2144,2588,ACTIVE,3/10/2026,seed from tblMoldDesign MoldDesignID=2527,,
2589,TE12795085-MDID-2528,TE-1279508-5,93,2145,2589,ACTIVE,3/10/2026,seed from tblMoldDesign MoldDesignID=2528,,
2590,TE12795086-MDID-2529,TE-1279508-6,93,2146,2590,ACTIVE,3/10/2026,seed from tblMoldDesign MoldDesignID=2529,,
2591,TE12795091-MDID-2530,TE-1279509-1,93,2147,2591,ACTIVE,3/10/2026,seed from tblMoldDesign MoldDesignID=2530,,
2592,TE12795092-MDID-2531,TE-1279509-2,93,2148,2592,ACTIVE,3/10/2026,seed from tblMoldDesign MoldDesignID=2531,,
2593,TE12795093-MDID-2532,TE-1279509-3,93,2149,2593,ACTIVE,3/10/2026,seed from tblMoldDesign MoldDesignID=2532,,
2594,TE12795094-MDID-2533,TE-1279509-4,93,2150,2594,ACTIVE,3/10/2026,seed from tblMoldDesign MoldDesignID=2533,,
2595,TE12796001-MDID-2534,TE-1279600-1,93,2151,2595,ACTIVE,3/10/2026,seed from tblMoldDesign MoldDesignID=2534,,
2596,TE12796001新-MDID-2535,TE-1279600-1 新,93,2151,2596,ACTIVE,3/10/2026,seed from tblMoldDesign MoldDesignID=2535,,
2597,TE14470694-MDID-2536,TE-1447069-4,93,2152,2597,ACTIVE,3/10/2026,seed from tblMoldDesign MoldDesignID=2536,,
2598,TE15547721-MDID-2537,TE-1554772-1,93,2153,2598,ACTIVE,3/10/2026,seed from tblMoldDesign MoldDesignID=2537,,
2599,TE20204-MDID-2538,TE-2-020-4,93,2154,2599,ACTIVE,3/10/2026,seed from tblMoldDesign MoldDesignID=2538,,
2600,TE20205-MDID-2539,TE-2-020-5,93,9,2600,ACTIVE,3/10/2026,seed from tblMoldDesign MoldDesignID=2539,,
2601,TE20206-MDID-2540,TE-2-020-6,93,2156,2601,ACTIVE,3/10/2026,seed from tblMoldDesign MoldDesignID=2540,,
2602,TE20207-MDID-2541,TE-2-020-7,93,2157,2602,ACTIVE,3/10/2026,seed from tblMoldDesign MoldDesignID=2541,,
2603,TE20230-MDID-2542,TE-2-023-0,93,2158,2603,ACTIVE,7/2/2019,seed from tblMoldDesign MoldDesignID=2542,,
2604,TE20231-MDID-2543,TE-2-023-1,93,2159,2604,ACTIVE,3/10/2026,seed from tblMoldDesign MoldDesignID=2543,,
2605,TE20232-MDID-2544,TE-2-023-2,93,2160,2605,ACTIVE,3/10/2026,seed from tblMoldDesign MoldDesignID=2544,,
2606,TE20234-MDID-2545,TE-2-023-4,93,2161,2606,ACTIVE,3/10/2026,seed from tblMoldDesign MoldDesignID=2545,,
2607,TE20237-MDID-2546,TE-2-023-7,93,2162,2607,ACTIVE,3/10/2026,seed from tblMoldDesign MoldDesignID=2546,,
2608,TE20238-MDID-2547,TE-2-023-8,93,2163,2608,ACTIVE,5/30/2019,seed from tblMoldDesign MoldDesignID=2547,,
2609,TE20517-MDID-2548,TE-2-051-7,93,2164,2609,ACTIVE,3/10/2026,seed from tblMoldDesign MoldDesignID=2548,,
2610,TE20518-MDID-2549,TE-2-051-8,93,2165,2610,ACTIVE,3/10/2026,seed from tblMoldDesign MoldDesignID=2549,,
2611,TE20533B-MDID-2550,TE-2-053-3B,93,4215,2611,ACTIVE,3/10/2026,seed from tblMoldDesign MoldDesignID=2550,,
2612,TE20533T-MDID-2551,TE-2-053-3T,93,4215,2612,ACTIVE,3/10/2026,seed from tblMoldDesign MoldDesignID=2551,,
2613,TE20591-MDID-2552,TE-2-059-1,93,4217,2613,ACTIVE,3/10/2026,seed from tblMoldDesign MoldDesignID=2552,,
2614,TE20592-MDID-2553,TE-2-059-2,93,4218,2614,ACTIVE,3/10/2026,seed from tblMoldDesign MoldDesignID=2553,,
2615,TE20599-MDID-2554,TE-2-059-9,93,4219,2615,ACTIVE,3/10/2026,seed from tblMoldDesign MoldDesignID=2554,,
2616,TE20608-MDID-2555,TE-2-060-8,93,2166,2616,ACTIVE,3/10/2026,seed from tblMoldDesign MoldDesignID=2555,,
2617,TE20637-MDID-2556,TE-2-063-7,93,2167,2617,ACTIVE,3/10/2026,seed from tblMoldDesign MoldDesignID=2556,,
2618,TE20713-MDID-2557,TE-2-071-3,93,2168,2618,ACTIVE,3/10/2026,seed from tblMoldDesign MoldDesignID=2557,,
2619,TE20777-MDID-2558,TE-2-077-7,93,2169,2619,ACTIVE,3/10/2026,seed from tblMoldDesign MoldDesignID=2558,,
2620,TE20778旧セガ用-MDID-2559,TE-2-077-8旧セガ用,93,4220,2620,ACTIVE,3/10/2026,seed from tblMoldDesign MoldDesignID=2559,,
2621,TE20781051-MDID-2560,TE-2078105-1,93,2170,2621,ACTIVE,3/10/2026,seed from tblMoldDesign MoldDesignID=2560,,
2622,TE20781053-MDID-2561,TE-2078105-3,93,2171,2622,ACTIVE,3/10/2026,seed from tblMoldDesign MoldDesignID=2561,,
2623,TE21080-MDID-2562,TE-2-108-0,93,2172,2623,ACTIVE,3/10/2026,seed from tblMoldDesign MoldDesignID=2562,,
2624,TE21081-MDID-2563,TE-2-108-1,93,2173,2624,ACTIVE,3/10/2026,seed from tblMoldDesign MoldDesignID=2563,,
2625,TE21082-MDID-2564,TE-2-108-2,93,2174,2625,ACTIVE,3/10/2026,seed from tblMoldDesign MoldDesignID=2564,,
2626,TE21087-MDID-2565,TE-2-108-7,93,2175,2626,ACTIVE,3/10/2026,seed from tblMoldDesign MoldDesignID=2565,,
2627,TE21088-MDID-2566,TE-2-108-8,93,2176,2627,ACTIVE,3/10/2026,seed from tblMoldDesign MoldDesignID=2566,,
2628,TE21104-MDID-2567,TE-2-110-4,93,2177,2628,ACTIVE,3/10/2026,seed from tblMoldDesign MoldDesignID=2567,,
2629,TE21105-MDID-2568,TE-2-110-5,93,2178,2629,ACTIVE,3/10/2026,seed from tblMoldDesign MoldDesignID=2568,,
2630,TE21109-MDID-2569,TE-2-110-9,93,2179,2630,ACTIVE,3/10/2026,seed from tblMoldDesign MoldDesignID=2569,,
2631,TE21270-MDID-2570,TE-2-127-0,93,2180,2631,ACTIVE,3/10/2026,seed from tblMoldDesign MoldDesignID=2570,,
2632,TE21271-MDID-2571,TE-2-127-1,93,2181,2632,ACTIVE,3/10/2026,seed from tblMoldDesign MoldDesignID=2571,,
2633,TE21277-MDID-2572,TE-2-127-7,93,2182,2633,ACTIVE,3/10/2026,seed from tblMoldDesign MoldDesignID=2572,,
2634,TE21292-MDID-2573,TE-2-129-2,93,2183,2634,ACTIVE,3/10/2026,seed from tblMoldDesign MoldDesignID=2573,,
2635,TE21294-MDID-2574,TE-2-129-4,93,2184,2635,ACTIVE,3/10/2026,seed from tblMoldDesign MoldDesignID=2574,,
2636,TE21295-MDID-2575,TE-2-129-5,93,2185,2636,ACTIVE,3/10/2026,seed from tblMoldDesign MoldDesignID=2575,,
2637,TE21296-MDID-2576,TE-2-129-6,93,2186,2637,ACTIVE,3/10/2026,seed from tblMoldDesign MoldDesignID=2576,,
2638,TE21297-MDID-2577,TE-2-129-7,93,2187,2638,ACTIVE,3/10/2026,seed from tblMoldDesign MoldDesignID=2577,,
2639,TE21300-MDID-2578,TE-2-130-0,93,2188,2639,ACTIVE,3/10/2026,seed from tblMoldDesign MoldDesignID=2578,,
2640,TE21301-MDID-2579,TE-2-130-1,93,2189,2640,ACTIVE,3/10/2026,seed from tblMoldDesign MoldDesignID=2579,,
2641,TE21302-MDID-2580,TE-2-130-2,93,2190,2641,ACTIVE,3/10/2026,seed from tblMoldDesign MoldDesignID=2580,,
2642,TE21303-MDID-2581,TE-2-130-3,93,2191,2642,ACTIVE,3/10/2026,seed from tblMoldDesign MoldDesignID=2581,,
2643,TE21304-MDID-2582,TE-2-130-4,93,2192,2643,ACTIVE,3/10/2026,seed from tblMoldDesign MoldDesignID=2582,,
2644,TE21306-MDID-2583,TE-2-130-6,93,2193,2644,ACTIVE,3/10/2026,seed from tblMoldDesign MoldDesignID=2583,,
2645,TE21307-MDID-2584,TE-2-130-7,93,2194,2645,ACTIVE,3/10/2026,seed from tblMoldDesign MoldDesignID=2584,,
2646,TE21308-MDID-2585,TE-2-130-8,93,2195,2646,ACTIVE,3/10/2026,seed from tblMoldDesign MoldDesignID=2585,,
2647,TE21309-MDID-2586,TE-2-130-9,93,2196,2647,ACTIVE,3/10/2026,seed from tblMoldDesign MoldDesignID=2586,,
2648,TE21450-MDID-2587,TE-2-145-0,93,2197,2648,ACTIVE,3/10/2026,seed from tblMoldDesign MoldDesignID=2587,,
2649,TE21458-MDID-2588,TE-2-145-8,93,2198,2649,ACTIVE,3/10/2026,seed from tblMoldDesign MoldDesignID=2588,,
2650,TE21565-MDID-2589,TE-2-156-5,93,2199,2650,ACTIVE,3/10/2026,seed from tblMoldDesign MoldDesignID=2589,,
2651,TE21568-MDID-2590,TE-2-156-8,93,2200,2651,ACTIVE,3/10/2026,seed from tblMoldDesign MoldDesignID=2590,,
2652,TE21569-MDID-2591,TE-2-156-9,93,2201,2652,ACTIVE,3/10/2026,seed from tblMoldDesign MoldDesignID=2591,,
2653,TE21599-MDID-2592,TE-2-159-9,93,2202,2653,ACTIVE,5/19/2017,seed from tblMoldDesign MoldDesignID=2592,,
2654,TE21607-MDID-2593,TE-2-160-7,93,2203,2654,ACTIVE,10/4/2017,seed from tblMoldDesign MoldDesignID=2593,,
2655,TE21608-MDID-2594,TE-2-160-8,93,2204,2655,ACTIVE,10/4/2017,seed from tblMoldDesign MoldDesignID=2594,,
2656,TE216242022.11.14-MDID-2595,TE-2-162-4 2022.11.14,93,2205,2656,ACTIVE,3/10/2026,seed from tblMoldDesign MoldDesignID=2595,,
2657,TE22204941-MDID-2596,TE-2220494-1,93,2206,2657,ACTIVE,3/10/2026,seed from tblMoldDesign MoldDesignID=2596,,
2658,TE22895551-MDID-2597,TE-2289555-1,93,2207,2658,ACTIVE,3/10/2026,seed from tblMoldDesign MoldDesignID=2597,,
2659,TE2296618R-MDID-2598,TE-2296618R,93,2208,2659,ACTIVE,3/10/2026,seed from tblMoldDesign MoldDesignID=2598,,
2660,TE22970701-MDID-2599,TE-2297070-1,93,2209,2660,ACTIVE,3/10/2026,seed from tblMoldDesign MoldDesignID=2599,,
2661,TE22992041-MDID-2600,TE-2299204-1,93,2210,2661,ACTIVE,3/10/2026,seed from tblMoldDesign MoldDesignID=2600,,
2662,TE23015811-MDID-2601,TE-2301581-1,93,2211,2662,ACTIVE,3/10/2026,seed from tblMoldDesign MoldDesignID=2601,,
2663,TE23177761-MDID-2602,TE-2317776-1,93,2212,2663,ACTIVE,3/10/2026,seed from tblMoldDesign MoldDesignID=2602,,
2664,TE23204931-MDID-2603,TE-2320493-1,93,2213,2664,ACTIVE,3/10/2026,seed from tblMoldDesign MoldDesignID=2603,,
2665,TE23257861-MDID-2604,TE-2325786-1,93,2214,2665,ACTIVE,3/10/2026,seed from tblMoldDesign MoldDesignID=2604,,
2666,TE23257862-MDID-2605,TE-2325786-2,93,2215,2666,ACTIVE,3/10/2026,seed from tblMoldDesign MoldDesignID=2605,,
2667,TE23661131-MDID-2606,TE-2366113-1,93,2216,2667,ACTIVE,3/10/2026,seed from tblMoldDesign MoldDesignID=2606,,
2668,TE23711911-MDID-2607,TE-2371191-1,93,2217,2668,ACTIVE,3/10/2026,seed from tblMoldDesign MoldDesignID=2607,,
2669,TE23712061-MDID-2608,TE-2371206-1,93,2218,2669,ACTIVE,3/10/2026,seed from tblMoldDesign MoldDesignID=2608,,
2670,TE23730281-MDID-2609,TE-2373028-1,93,10,2670,ACTIVE,3/10/2026,seed from tblMoldDesign MoldDesignID=2609,,
2671,Te23730282R2-MDID-2610,Te-2373028-2 R2,93,10,2671,ACTIVE,9/3/2024,seed from tblMoldDesign MoldDesignID=2610,,
2672,TE23749571-MDID-2611,TE-2374957-1,93,2219,2672,ACTIVE,3/10/2026,seed from tblMoldDesign MoldDesignID=2611,,
2673,TE23749591-MDID-2612,TE-2374959-1,93,2220,2673,ACTIVE,3/10/2026,seed from tblMoldDesign MoldDesignID=2612,,
2674,TE23794891-MDID-2613,TE-2379489-1,93,2221,2674,ACTIVE,3/10/2026,seed from tblMoldDesign MoldDesignID=2613,,
2675,TE24049491-MDID-2614,TE-2404949-1,93,2222,2675,ACTIVE,3/10/2026,seed from tblMoldDesign MoldDesignID=2614,,
2676,TE24113901-MDID-2615,TE-2411390-1,93,2223,2676,ACTIVE,3/10/2026,seed from tblMoldDesign MoldDesignID=2615,,
2677,TE24200811-MDID-2616,TE-2420081-1,93,2224,2677,ACTIVE,3/10/2026,seed from tblMoldDesign MoldDesignID=2616,,
2678,TE24219481-MDID-2617,TE-2421948-1,93,2225,2678,ACTIVE,3/10/2026,seed from tblMoldDesign MoldDesignID=2617,,
2679,TE24232521-MDID-2618,TE-2423252-1,93,11,2679,ACTIVE,3/10/2026,seed from tblMoldDesign MoldDesignID=2618,,
2680,TE24232521-MDID-2619,TE2423252-1,93,11,2680,ACTIVE,3/10/2026,seed from tblMoldDesign MoldDesignID=2619,,
2681,TE24232521R1-MDID-2620,TE-2423252-1 R1,93,11,2681,ACTIVE,3/10/2026,seed from tblMoldDesign MoldDesignID=2620,,
2682,TE24232521R2-MDID-2622,TE-2423252-1 R2,93,11,2682,ACTIVE,3/10/2026,seed from tblMoldDesign MoldDesignID=2622,,
2683,TE24232521R3-MDID-2623,TE-2423252-1 R3,93,11,2683,ACTIVE,3/10/2026,seed from tblMoldDesign MoldDesignID=2623,,
2684,TE24232522-MDID-2624,TE-2423252-2,93,12,2684,ACTIVE,3/10/2026,seed from tblMoldDesign MoldDesignID=2624,,
2685,TE24232522DR1-MDID-2625,TE-2423252-2D R1,93,12,2685,ACTIVE,3/10/2026,seed from tblMoldDesign MoldDesignID=2625,,
2686,TE24232522DR3-MDID-2626,TE-2423252-2D R3,93,12,2686,ACTIVE,3/10/2026,seed from tblMoldDesign MoldDesignID=2626,,
2687,TE24232522R4-MDID-2628,TE-2423252-2 R4,93,12,2687,ACTIVE,3/10/2026,seed from tblMoldDesign MoldDesignID=2628,,
2688,TE24232522R5-MDID-2629,TE-2423252-2 R5,93,12,2688,ACTIVE,3/10/2026,seed from tblMoldDesign MoldDesignID=2629,,
2689,TE24232523-MDID-2630,TE-2423252-3,93,13,2689,ACTIVE,3/10/2026,seed from tblMoldDesign MoldDesignID=2630,,
2690,TE24232523R1-MDID-2631,TE-2423252-3 R1,93,13,2690,ACTIVE,3/10/2026,seed from tblMoldDesign MoldDesignID=2631,,
2691,TE24232523R2-MDID-2632,TE-2423252-3 R2,93,13,2691,ACTIVE,3/10/2026,seed from tblMoldDesign MoldDesignID=2632,,
2692,TE24232523R3-MDID-2633,TE-2423252-3 R3,93,13,2692,ACTIVE,3/10/2026,seed from tblMoldDesign MoldDesignID=2633,,
2693,TE24258161-MDID-2634,TE-2425816-1,93,14,2693,ACTIVE,3/10/2026,seed from tblMoldDesign MoldDesignID=2634,,
2694,TE24258191-MDID-2635,TE-2425819-1,93,15,2694,ACTIVE,3/10/2026,seed from tblMoldDesign MoldDesignID=2635,,
2695,TE24263841-MDID-2636,TE-2426384-1,93,16,2695,ACTIVE,3/10/2026,seed from tblMoldDesign MoldDesignID=2636,,
2696,TE24263861-MDID-2637,TE-2426386-1,93,17,2696,ACTIVE,3/10/2026,seed from tblMoldDesign MoldDesignID=2637,,
2697,TE24263871-MDID-2638,TE-2426387-1,93,18,2697,ACTIVE,3/10/2026,seed from tblMoldDesign MoldDesignID=2638,,
2698,TE24264091-MDID-2639,TE-2426409-1,93,19,2698,ACTIVE,3/10/2026,seed from tblMoldDesign MoldDesignID=2639,,
2699,TE24264101-MDID-2640,TE-2426410-1,93,20,2699,ACTIVE,9/3/2022,seed from tblMoldDesign MoldDesignID=2640,,
2700,TE24283821-MDID-2641,TE-2428382-1,93,21,2700,ACTIVE,3/10/2026,seed from tblMoldDesign MoldDesignID=2641,,
2701,TE24283831-MDID-2642,TE-2428383-1,93,22,2701,ACTIVE,8/31/2022,seed from tblMoldDesign MoldDesignID=2642,,
2702,TE24283841-MDID-2643,TE-2428384-1,93,23,2702,ACTIVE,8/31/2022,seed from tblMoldDesign MoldDesignID=2643,,
2703,TE2432521-MDID-2644,TE-243252-1,93,24,2703,ACTIVE,3/10/2026,seed from tblMoldDesign MoldDesignID=2644,,
2704,TE2432521R1-MDID-2645,TE-243252-1 R1,93,24,2704,ACTIVE,3/10/2026,seed from tblMoldDesign MoldDesignID=2645,,
2705,TE2432522-MDID-2646,TE-243252-2,93,25,2705,ACTIVE,3/10/2026,seed from tblMoldDesign MoldDesignID=2646,,
2706,TE2432522R1-MDID-2647,TE-243252-2 R1,93,25,2706,ACTIVE,3/10/2026,seed from tblMoldDesign MoldDesignID=2647,,
2707,TE24329571-MDID-2648,TE-2432957-1,93,26,2707,ACTIVE,3/10/2026,seed from tblMoldDesign MoldDesignID=2648,,
2708,TE24344801-MDID-2649,TE-2434480-1,93,27,2708,ACTIVE,3/10/2026,seed from tblMoldDesign MoldDesignID=2649,,
2709,TE24457971-MDID-2650,TE-2445797-1,93,28,2709,ACTIVE,3/10/2026,seed from tblMoldDesign MoldDesignID=2650,,
2710,TE24459241-MDID-2651,TE-2445924-1,93,29,2710,ACTIVE,3/10/2026,seed from tblMoldDesign MoldDesignID=2651,,
2711,TE24459251-MDID-2652,TE-2445925-1,93,30,2711,ACTIVE,3/10/2026,seed from tblMoldDesign MoldDesignID=2652,,
2712,TE24459261-MDID-2653,TE-2445926-1,93,31,2712,ACTIVE,3/10/2026,seed from tblMoldDesign MoldDesignID=2653,,
2713,TE24574351-MDID-2654,TE-2457435-1,93,32,2713,ACTIVE,3/10/2026,seed from tblMoldDesign MoldDesignID=2654,,
2714,TE24574351R1-MDID-2655,TE-2457435-1 R1,93,32,2714,ACTIVE,3/6/2024,seed from tblMoldDesign MoldDesignID=2655,,
2715,TE24574351R1?-MDID-2656,TE-2457435-1R1?,93,32,2715,ACTIVE,3/10/2026,seed from tblMoldDesign MoldDesignID=2656,,
2716,TE24574361-MDID-2657,TE-2457436-1,93,33,2716,ACTIVE,3/10/2026,seed from tblMoldDesign MoldDesignID=2657,,
2717,TE24574361R2-MDID-2658,TE-2457436-1 R2,93,33,2717,ACTIVE,3/10/2026,seed from tblMoldDesign MoldDesignID=2658,,
2718,TE24574361R3-MDID-2659,TE-2457436-1 R3,93,33,2718,ACTIVE,3/10/2026,seed from tblMoldDesign MoldDesignID=2659,,
2719,TE24574361R5-MDID-2660,TE-2457436-1 R5,93,33,2719,ACTIVE,3/10/2026,seed from tblMoldDesign MoldDesignID=2660,,
2720,TE24574361R5NEW-MDID-2661,TE-2457436-1 R5NEW,93,33,2720,ACTIVE,3/10/2026,seed from tblMoldDesign MoldDesignID=2661,,
2721,TE24868481-MDID-2662,TE-2486848-1,93,34,2721,ACTIVE,3/10/2026,seed from tblMoldDesign MoldDesignID=2662,,
2722,TE24868482-MDID-2663,TE-2486848-2,93,35,2722,ACTIVE,3/10/2026,seed from tblMoldDesign MoldDesignID=2663,,
2723,TE28221181-MDID-2664,TE-2822118-1,93,2237,2723,ACTIVE,3/10/2026,seed from tblMoldDesign MoldDesignID=2664,,
2724,TE28226601R-MDID-2665,TE-2822660-1R,93,4362,2724,ACTIVE,3/10/2026,seed from tblMoldDesign MoldDesignID=2665,,
2725,TE30200-MDID-2666,TE-3-020-0,93,2239,2725,ACTIVE,3/10/2026,seed from tblMoldDesign MoldDesignID=2666,,
2726,TE30201-MDID-2667,TE-3-020-1,93,2240,2726,ACTIVE,3/10/2026,seed from tblMoldDesign MoldDesignID=2667,,
2727,TE30204-MDID-2668,TE-3-020-4,93,2241,2727,ACTIVE,3/10/2026,seed from tblMoldDesign MoldDesignID=2668,,
2728,TE30205-MDID-2669,TE-3-020-5,93,2242,2728,ACTIVE,3/10/2026,seed from tblMoldDesign MoldDesignID=2669,,
2729,TE30206-MDID-2670,TE-3-020-6,93,2243,2729,ACTIVE,3/10/2026,seed from tblMoldDesign MoldDesignID=2670,,
2730,TE30208-MDID-2671,TE-3-020-8,93,2244,2730,ACTIVE,3/10/2026,seed from tblMoldDesign MoldDesignID=2671,,
2731,TE30209-MDID-2672,TE-3-020-9,93,2245,2731,ACTIVE,3/10/2026,seed from tblMoldDesign MoldDesignID=2672,,
2732,TE30231R1-MDID-2673,TE-3-023-1 R1,93,4361,2732,ACTIVE,3/10/2026,seed from tblMoldDesign MoldDesignID=2673,,
2733,TE30231R2-MDID-2674,TE-3-023-1 R2,93,4361,2733,ACTIVE,3/10/2026,seed from tblMoldDesign MoldDesignID=2674,,
2734,TE30233-MDID-2675,TE-3-023-3,93,2248,2734,ACTIVE,3/10/2026,seed from tblMoldDesign MoldDesignID=2675,,
2735,TE30234R2-MDID-2676,TE-3-023-4 R2,93,4360,2735,ACTIVE,3/10/2026,seed from tblMoldDesign MoldDesignID=2676,,
2736,TE30237-MDID-2677,TE-3-023-7,93,2250,2736,ACTIVE,3/10/2026,seed from tblMoldDesign MoldDesignID=2677,,
2737,TE30503-MDID-2678,TE-3-050-3,93,2251,2737,ACTIVE,3/10/2026,seed from tblMoldDesign MoldDesignID=2678,,
2738,TE30505-MDID-2679,TE-3-050-5,93,2252,2738,ACTIVE,3/10/2026,seed from tblMoldDesign MoldDesignID=2679,,
2739,TE30527-MDID-2680,TE-3-052-7,93,2253,2739,ACTIVE,3/10/2026,seed from tblMoldDesign MoldDesignID=2680,,
2740,TE30545-MDID-2681,TE-3-054-5,93,2254,2740,ACTIVE,3/10/2026,seed from tblMoldDesign MoldDesignID=2681,,
2741,TE30547-MDID-2682,TE-3-054-7,93,2255,2741,ACTIVE,3/10/2026,seed from tblMoldDesign MoldDesignID=2682,,
2742,TE30591-MDID-2683,TE-3-059-1,93,2256,2742,ACTIVE,3/10/2026,seed from tblMoldDesign MoldDesignID=2683,,
2743,TE30628-MDID-2684,TE-3-062-8,93,2257,2743,ACTIVE,3/10/2026,seed from tblMoldDesign MoldDesignID=2684,,
2744,TE30656-MDID-2685,TE-3-065-6,93,4263,2744,ACTIVE,3/10/2026,seed from tblMoldDesign MoldDesignID=2685,,
2745,TE30666-MDID-2686,TE-3-066-6,93,4264,2745,ACTIVE,3/10/2026,seed from tblMoldDesign MoldDesignID=2686,,
2746,TE30667-MDID-2687,TE-3-066-7,93,4265,2746,ACTIVE,3/10/2026,seed from tblMoldDesign MoldDesignID=2687,,
2747,TE30772-MDID-2688,TE-3-077-2,93,2258,2747,ACTIVE,3/10/2026,seed from tblMoldDesign MoldDesignID=2688,,
2748,TE30780-MDID-2689,TE-3-078-0,93,2259,2748,ACTIVE,3/10/2026,seed from tblMoldDesign MoldDesignID=2689,,
2749,TE30790-MDID-2690,TE-3-079-0,93,2260,2749,ACTIVE,3/10/2026,seed from tblMoldDesign MoldDesignID=2690,,
2750,TE30797-MDID-2691,TE-3-079-7,93,2261,2750,ACTIVE,3/10/2026,seed from tblMoldDesign MoldDesignID=2691,,
2751,TE31080-MDID-2692,TE-3-108-0,93,2262,2751,ACTIVE,3/10/2026,seed from tblMoldDesign MoldDesignID=2692,,
2752,TE31271-MDID-2693,TE-3-127-1,93,2263,2752,ACTIVE,3/10/2026,seed from tblMoldDesign MoldDesignID=2693,,
2753,TE31272-MDID-2694,TE-3-127-2,93,38,2753,ACTIVE,3/10/2026,seed from tblMoldDesign MoldDesignID=2694,,
2754,TE31277-MDID-2695,TE-3-127-7,93,4268,2754,ACTIVE,3/10/2026,seed from tblMoldDesign MoldDesignID=2695,,
2755,TE31278-MDID-2696,TE-3-127-8,93,4269,2755,ACTIVE,3/10/2026,seed from tblMoldDesign MoldDesignID=2696,,
2756,TE31279-MDID-2697,TE-3-127-9,93,2264,2756,ACTIVE,3/10/2026,seed from tblMoldDesign MoldDesignID=2697,,
2757,TE31290-MDID-2698,TE-3-129-0,93,2265,2757,ACTIVE,3/10/2026,seed from tblMoldDesign MoldDesignID=2698,,
2758,TE31291-MDID-2699,TE-3-129-1,93,2266,2758,ACTIVE,3/10/2026,seed from tblMoldDesign MoldDesignID=2699,,
2759,TE31292-MDID-2700,TE-3-129-2,93,2267,2759,ACTIVE,3/10/2026,seed from tblMoldDesign MoldDesignID=2700,,
2760,TE31301-MDID-2701,TE-3-130-1,93,2268,2760,ACTIVE,10/20/2014,seed from tblMoldDesign MoldDesignID=2701,,
2761,TE31302-MDID-2702,TE-3-130-2,93,2269,2761,ACTIVE,3/10/2026,seed from tblMoldDesign MoldDesignID=2702,,
2762,TE31306-MDID-2703,TE-3-130-6,93,2270,2762,ACTIVE,3/10/2026,seed from tblMoldDesign MoldDesignID=2703,,
2763,TE31414-MDID-2704,TE-3-141-4,93,2271,2763,ACTIVE,3/10/2026,seed from tblMoldDesign MoldDesignID=2704,,
2764,TE31430-MDID-2705,TE-3-143-0,93,2272,2764,ACTIVE,3/10/2026,seed from tblMoldDesign MoldDesignID=2705,,
2765,TE31450-MDID-2706,TE-3-145-0,93,2273,2765,ACTIVE,3/10/2026,seed from tblMoldDesign MoldDesignID=2706,,
2766,TE31451-MDID-2707,TE-3-145-1,93,2274,2766,ACTIVE,3/10/2026,seed from tblMoldDesign MoldDesignID=2707,,
2767,TE31560-MDID-2708,TE-3-156-0,93,2275,2767,ACTIVE,3/10/2026,seed from tblMoldDesign MoldDesignID=2708,,
2768,TE31573-MDID-2709,TE-3-157-3,93,2276,2768,ACTIVE,3/10/2026,seed from tblMoldDesign MoldDesignID=2709,,
2769,TE31576(旧）-MDID-2710,TE-3-157-6(旧）,93,2277,2769,ACTIVE,3/10/2026,seed from tblMoldDesign MoldDesignID=2710,,
2770,TE31590-MDID-2711,TE-3-159-0,93,2278,2770,ACTIVE,5/19/2017,seed from tblMoldDesign MoldDesignID=2711,,
2771,TE31600(旧）-MDID-2712,TE-3-160-0 (旧）,93,2279,2771,ACTIVE,3/10/2026,seed from tblMoldDesign MoldDesignID=2712,,
2772,TE31601-MDID-2713,TE-3-160-1,93,2280,2772,ACTIVE,8/24/2017,seed from tblMoldDesign MoldDesignID=2713,,
2773,TE31604-MDID-2714,TE-3-160-4,93,4270,2773,ACTIVE,9/22/2017,seed from tblMoldDesign MoldDesignID=2714,,
2774,TE31609-MDID-2715,TE-3-160-9,93,41,2774,ACTIVE,7/4/2018,seed from tblMoldDesign MoldDesignID=2715,,
2775,TE31609R3-MDID-2716,TE-3-160-9 R3,93,41,2775,ACTIVE,3/10/2026,seed from tblMoldDesign MoldDesignID=2716,,
2776,TE31611-MDID-2717,TE-3-161-1,93,2282,2776,ACTIVE,4/16/2019,seed from tblMoldDesign MoldDesignID=2717,,
2777,TE31614-MDID-2718,TE-3-161-4,93,39,2777,ACTIVE,8/5/2019,seed from tblMoldDesign MoldDesignID=2718,,
2778,TE31615-MDID-2719,TE-3-161-5,93,4274,2778,ACTIVE,8/5/2019,seed from tblMoldDesign MoldDesignID=2719,,
2779,TE31616-MDID-2720,TE-3-161-6,93,2283,2779,ACTIVE,8/8/2019,seed from tblMoldDesign MoldDesignID=2720,,
2780,TE31617-MDID-2721,TE-3-161-7,93,2284,2780,ACTIVE,8/8/2019,seed from tblMoldDesign MoldDesignID=2721,,
2781,TE31618-MDID-2722,TE-3-161-8,93,2285,2781,ACTIVE,9/30/2019,seed from tblMoldDesign MoldDesignID=2722,,
2782,TE32023-MDID-2723,TE-3-202-3,93,2286,2782,ACTIVE,3/10/2026,seed from tblMoldDesign MoldDesignID=2723,,
2783,TE40030-MDID-2724,TE-4-003-0,93,2287,2783,ACTIVE,3/10/2026,seed from tblMoldDesign MoldDesignID=2724,,
2784,TE40595-MDID-2725,TE-4-059-5,93,2288,2784,ACTIVE,3/10/2026,seed from tblMoldDesign MoldDesignID=2725,,
2785,TE40598-MDID-2726,TE-4-059-8,93,2289,2785,ACTIVE,3/10/2026,seed from tblMoldDesign MoldDesignID=2726,,
2786,TE40629-MDID-2727,TE-4-062-9,93,2290,2786,ACTIVE,3/10/2026,seed from tblMoldDesign MoldDesignID=2727,,
2787,TE40691-MDID-2728,TE-4-069-1,93,2291,2787,ACTIVE,3/10/2026,seed from tblMoldDesign MoldDesignID=2728,,
2788,TE40699-MDID-2729,TE-4-069-9,93,2292,2788,ACTIVE,3/10/2026,seed from tblMoldDesign MoldDesignID=2729,,
2789,TE40723-MDID-2730,TE-4-072-3,93,4276,2789,ACTIVE,3/10/2026,seed from tblMoldDesign MoldDesignID=2730,,
2790,TE40724-MDID-2731,TE-4-072-4,93,4277,2790,ACTIVE,3/10/2026,seed from tblMoldDesign MoldDesignID=2731,,
2791,TE40754-MDID-2732,TE-4-075-4,93,2293,2791,ACTIVE,3/10/2026,seed from tblMoldDesign MoldDesignID=2732,,
2792,TE40755-MDID-2733,TE-4-075-5,93,2294,2792,ACTIVE,3/10/2026,seed from tblMoldDesign MoldDesignID=2733,,
2793,TE40774-MDID-2734,TE-4-077-4,93,2295,2793,ACTIVE,3/10/2026,seed from tblMoldDesign MoldDesignID=2734,,
2794,TE40902-MDID-2735,TE-4-090-2,93,2296,2794,ACTIVE,3/10/2026,seed from tblMoldDesign MoldDesignID=2735,,
2795,TE40902R1-MDID-2736,TE-4-090-2R1,93,2296,2795,ACTIVE,3/10/2026,seed from tblMoldDesign MoldDesignID=2736,,
2796,TE41031-MDID-2737,TE-4-103-1,93,2298,2796,ACTIVE,3/10/2026,seed from tblMoldDesign MoldDesignID=2737,,
2797,TE41080-MDID-2738,TE-4-108-0,93,2299,2797,ACTIVE,3/10/2026,seed from tblMoldDesign MoldDesignID=2738,,
2798,TE41106-MDID-2739,TE-4-110-6,93,43,2798,ACTIVE,3/10/2026,seed from tblMoldDesign MoldDesignID=2739,,
2799,TE41254-MDID-2740,TE-4-125-4,93,2300,2799,ACTIVE,3/10/2026,seed from tblMoldDesign MoldDesignID=2740,,
2800,TE41271-MDID-2741,TE-4-127-1,93,2301,2800,ACTIVE,3/10/2026,seed from tblMoldDesign MoldDesignID=2741,,
2801,TE41272-MDID-2742,TE-4-127-2,93,2302,2801,ACTIVE,3/10/2026,seed from tblMoldDesign MoldDesignID=2742,,
2802,TE41277-MDID-2743,TE-4-127-7,93,2303,2802,ACTIVE,3/10/2026,seed from tblMoldDesign MoldDesignID=2743,,
2803,TE41293-MDID-2744,TE-4-129-3,93,2304,2803,ACTIVE,3/10/2026,seed from tblMoldDesign MoldDesignID=2744,,
2804,TE41295-MDID-2745,TE-4-129-5,93,2305,2804,ACTIVE,3/10/2026,seed from tblMoldDesign MoldDesignID=2745,,
2805,TE41299-MDID-2746,TE-4-129-9,93,2306,2805,ACTIVE,3/10/2026,seed from tblMoldDesign MoldDesignID=2746,,
2806,TE41302-MDID-2747,TE-4-130-2,93,2307,2806,ACTIVE,10/20/2014,seed from tblMoldDesign MoldDesignID=2747,,
2807,TE41303-MDID-2748,TE-4-130-3,93,2308,2807,ACTIVE,3/10/2026,seed from tblMoldDesign MoldDesignID=2748,,
2808,TE41304-MDID-2749,TE-4-130-4,93,2309,2808,ACTIVE,3/10/2026,seed from tblMoldDesign MoldDesignID=2749,,
2809,TE41305-MDID-2750,TE-4-130-5,93,2310,2809,ACTIVE,3/10/2026,seed from tblMoldDesign MoldDesignID=2750,,
2810,TE41306-MDID-2751,TE-4-130-6,93,2311,2810,ACTIVE,3/10/2026,seed from tblMoldDesign MoldDesignID=2751,,
2811,TE41417-MDID-2752,TE-4-141-7,93,2312,2811,ACTIVE,3/10/2026,seed from tblMoldDesign MoldDesignID=2752,,
2812,TE41423-MDID-2753,TE-4-142-3,93,2313,2812,ACTIVE,3/10/2026,seed from tblMoldDesign MoldDesignID=2753,,
2813,TE41426-MDID-2754,TE-4-142-6,93,2314,2813,ACTIVE,3/10/2026,seed from tblMoldDesign MoldDesignID=2754,,
2814,TE41560-MDID-2755,TE-4-156-0,93,2315,2814,ACTIVE,3/10/2026,seed from tblMoldDesign MoldDesignID=2755,,
2815,TE41562-MDID-2756,TE-4-156-2,93,2316,2815,ACTIVE,3/10/2026,seed from tblMoldDesign MoldDesignID=2756,,
2816,TE41562R-MDID-2757,TE-4-156-2R,93,2316,2816,ACTIVE,3/10/2026,seed from tblMoldDesign MoldDesignID=2757,,
2817,TE41573-MDID-2758,TE-4-157-3,93,2318,2817,ACTIVE,10/2/2015,seed from tblMoldDesign MoldDesignID=2758,,
2818,TE41576-MDID-2759,TE-4-157-6,93,2319,2818,ACTIVE,4/6/2015,seed from tblMoldDesign MoldDesignID=2759,,
2819,TE41591-MDID-2760,TE-4-159-1,93,2320,2819,ACTIVE,6/12/2018,seed from tblMoldDesign MoldDesignID=2760,,
2820,TE41592-MDID-2761,TE-4-159-2,93,2321,2820,ACTIVE,7/6/2018,seed from tblMoldDesign MoldDesignID=2761,,
2821,TE41593-MDID-2762,TE-4-159-3,93,2322,2821,ACTIVE,5/17/2018,seed from tblMoldDesign MoldDesignID=2762,,
2822,TE41594-MDID-2763,TE-4-159-4,93,2323,2822,ACTIVE,6/12/2018,seed from tblMoldDesign MoldDesignID=2763,,
2823,TE41595-MDID-2764,TE-4-159-5,93,2324,2823,ACTIVE,6/25/2018,seed from tblMoldDesign MoldDesignID=2764,,
2824,TE41596-MDID-2765,TE-4-159-6,93,2325,2824,ACTIVE,6/22/2018,seed from tblMoldDesign MoldDesignID=2765,,
2825,TE41597-MDID-2766,TE-4-159-7,93,2326,2825,ACTIVE,6/25/2018,seed from tblMoldDesign MoldDesignID=2766,,
2826,Te41598-MDID-2767,Te-4-159-8,93,2327,2826,ACTIVE,4/2/2018,seed from tblMoldDesign MoldDesignID=2767,,
2827,Te41604-MDID-2768,Te-4-160-4,93,2328,2827,ACTIVE,4/16/2018,seed from tblMoldDesign MoldDesignID=2768,,
2828,TE41604(旧）-MDID-2769,TE-4-160-4(旧）,93,2328,2828,ACTIVE,3/10/2026,seed from tblMoldDesign MoldDesignID=2769,,
2829,TE41610-MDID-2770,TE-4-161-0,93,2330,2829,ACTIVE,8/7/2019,seed from tblMoldDesign MoldDesignID=2770,,
2830,TE41611-MDID-2771,TE-4-161-1,93,4278,2830,ACTIVE,8/7/2019,seed from tblMoldDesign MoldDesignID=2771,,
2831,TE41612-MDID-2772,TE-4-161-2,93,2331,2831,ACTIVE,9/3/2019,seed from tblMoldDesign MoldDesignID=2772,,
2832,TE41613-MDID-2773,TE-4-161-3,93,2332,2832,ACTIVE,9/3/2019,seed from tblMoldDesign MoldDesignID=2773,,
2833,TE41618-MDID-2774,TE-4-161-8,93,2333,2833,ACTIVE,9/19/2019,seed from tblMoldDesign MoldDesignID=2774,,
2834,TE47209998-MDID-2775,TE-4-720999-8,93,4279,2834,ACTIVE,3/10/2026,seed from tblMoldDesign MoldDesignID=2775,,
2835,TE50520-MDID-2776,TE-5-052-0,93,2334,2835,ACTIVE,3/10/2026,seed from tblMoldDesign MoldDesignID=2776,,
2836,TE50521-MDID-2778,TE-5-052-1,93,2335,2836,ACTIVE,3/10/2026,seed from tblMoldDesign MoldDesignID=2778,,
2837,TE50522-MDID-2779,TE-5-052-2,93,4285,2837,ACTIVE,3/10/2026,seed from tblMoldDesign MoldDesignID=2779,,
2838,TE50522PP.PS-MDID-2780,TE-5-052-2 PP.PS,93,4285,2838,ACTIVE,3/10/2026,seed from tblMoldDesign MoldDesignID=2780,,
2839,TE50523-MDID-2781,TE-5-052-3,93,2337,2839,ACTIVE,3/10/2026,seed from tblMoldDesign MoldDesignID=2781,,
2840,TE50524-MDID-2782,TE-5-052-4,93,2338,2840,ACTIVE,3/10/2026,seed from tblMoldDesign MoldDesignID=2782,,
2841,TE50566-MDID-2783,TE-5-056-6,93,2339,2841,ACTIVE,3/10/2026,seed from tblMoldDesign MoldDesignID=2783,,
2842,TE50567-MDID-2784,TE-5-056-7,93,2340,2842,ACTIVE,3/10/2026,seed from tblMoldDesign MoldDesignID=2784,,
2843,TE50603-MDID-2785,TE-5-060-3,93,2341,2843,ACTIVE,3/10/2026,seed from tblMoldDesign MoldDesignID=2785,,
2844,TE50620-MDID-2786,TE-5-062-0,93,2342,2844,ACTIVE,3/10/2026,seed from tblMoldDesign MoldDesignID=2786,,
2845,TE50651-MDID-2787,TE-5-065-1,93,2343,2845,ACTIVE,3/10/2026,seed from tblMoldDesign MoldDesignID=2787,,
2846,TE50690-MDID-2788,TE-5-069-0,93,2344,2846,ACTIVE,3/10/2026,seed from tblMoldDesign MoldDesignID=2788,,
2847,TE50694AB-MDID-2789,TE-5-069-4AB,93,2345,2847,ACTIVE,3/10/2026,seed from tblMoldDesign MoldDesignID=2789,,
2848,TE50758-MDID-2790,TE-5-075-8,93,2346,2848,ACTIVE,3/10/2026,seed from tblMoldDesign MoldDesignID=2790,,
2849,TE51107-MDID-2791,TE-5-110-7,93,2347,2849,ACTIVE,3/10/2026,seed from tblMoldDesign MoldDesignID=2791,,
2850,TE51246-MDID-2792,TE-5-124-6,93,4282,2850,ACTIVE,3/10/2026,seed from tblMoldDesign MoldDesignID=2792,,
2851,TE51270-MDID-2793,TE-5-127-0,93,2348,2851,ACTIVE,3/10/2026,seed from tblMoldDesign MoldDesignID=2793,,
2852,TE51276-MDID-2794,TE-5-127-6,93,2349,2852,ACTIVE,3/10/2026,seed from tblMoldDesign MoldDesignID=2794,,
2853,TE51279-MDID-2795,TE-5-127-9,93,2350,2853,ACTIVE,3/10/2026,seed from tblMoldDesign MoldDesignID=2795,,
2854,TE51290-MDID-2796,TE-5-129-0,93,2351,2854,ACTIVE,3/10/2026,seed from tblMoldDesign MoldDesignID=2796,,
2855,TE51291-MDID-2797,TE-5-129-1,93,2352,2855,ACTIVE,3/10/2026,seed from tblMoldDesign MoldDesignID=2797,,
2856,TE51295-MDID-2798,TE-5-129-5,93,2353,2856,ACTIVE,3/10/2026,seed from tblMoldDesign MoldDesignID=2798,,
2857,TE51297-MDID-2799,TE-5-129-7,93,4283,2857,ACTIVE,3/10/2026,seed from tblMoldDesign MoldDesignID=2799,,
2858,TE51298-MDID-2800,TE-5-129-8,93,2354,2858,ACTIVE,3/10/2026,seed from tblMoldDesign MoldDesignID=2800,,
2859,TE51300-MDID-2801,TE-5-130-0,93,2355,2859,ACTIVE,2/27/2017,seed from tblMoldDesign MoldDesignID=2801,,
2860,TE51308-MDID-2802,TE-5-130-8,93,2356,2860,ACTIVE,3/10/2026,seed from tblMoldDesign MoldDesignID=2802,,
2861,TE51410-MDID-2803,TE-5-141-0,93,2357,2861,ACTIVE,3/10/2026,seed from tblMoldDesign MoldDesignID=2803,,
2862,TE51423-MDID-2804,TE-5-142-3,93,2358,2862,ACTIVE,3/10/2026,seed from tblMoldDesign MoldDesignID=2804,,
2863,TE51426-MDID-2805,TE-5-142-6,93,2359,2863,ACTIVE,3/10/2026,seed from tblMoldDesign MoldDesignID=2805,,
2864,TE51562-MDID-2806,TE-5-156-2,93,2360,2864,ACTIVE,3/10/2026,seed from tblMoldDesign MoldDesignID=2806,,
2865,TE51570-MDID-2807,TE-5-157-0,93,4284,2865,ACTIVE,12/10/2015,seed from tblMoldDesign MoldDesignID=2807,,
2866,TE51577-MDID-2808,TE-5-157-7,93,2361,2866,ACTIVE,11/12/2015,seed from tblMoldDesign MoldDesignID=2808,,
2867,TE51578-MDID-2809,TE-5-157-8,93,2362,2867,ACTIVE,12/4/2015,seed from tblMoldDesign MoldDesignID=2809,,
2868,TE51599-MDID-2810,TE-5-159-9,93,2363,2868,ACTIVE,2/17/2020,seed from tblMoldDesign MoldDesignID=2810,,
2869,TE51599R5-MDID-2811,TE-5-159-9 R5,93,2363,2869,ACTIVE,11/25/2020,seed from tblMoldDesign MoldDesignID=2811,,
2870,TE51599R7-MDID-2812,TE-5-159-9 R7,93,2363,2870,ACTIVE,3/10/2026,seed from tblMoldDesign MoldDesignID=2812,,
2871,TE60503-MDID-2813,TE-6-050-3,93,2366,2871,ACTIVE,3/10/2026,seed from tblMoldDesign MoldDesignID=2813,,
2872,TE60598-MDID-2814,TE-6-059-8,93,2367,2872,ACTIVE,3/10/2026,seed from tblMoldDesign MoldDesignID=2814,,
2873,TE60599-MDID-2815,TE-6-059-9,93,2368,2873,ACTIVE,3/10/2026,seed from tblMoldDesign MoldDesignID=2815,,
2874,TE60625-MDID-2816,TE-6-062-5,93,2369,2874,ACTIVE,3/10/2026,seed from tblMoldDesign MoldDesignID=2816,,
2875,TE60653-MDID-2817,TE-6-065-3,93,46,2875,ACTIVE,3/10/2026,seed from tblMoldDesign MoldDesignID=2817,,
2876,TE60720-MDID-2818,TE-6-072-0,93,4287,2876,ACTIVE,3/10/2026,seed from tblMoldDesign MoldDesignID=2818,,
2877,TE60754-MDID-2819,TE-6-075-4,93,2370,2877,ACTIVE,3/10/2026,seed from tblMoldDesign MoldDesignID=2819,,
2878,TE60767-MDID-2820,TE-6-076-7,93,2371,2878,ACTIVE,3/10/2026,seed from tblMoldDesign MoldDesignID=2820,,
2879,TE60791-MDID-2821,TE-6-079-1,93,2372,2879,ACTIVE,3/10/2026,seed from tblMoldDesign MoldDesignID=2821,,
2880,TE60980-MDID-2822,TE-6-098-0,93,2373,2880,ACTIVE,3/10/2026,seed from tblMoldDesign MoldDesignID=2822,,
2881,TE61109-MDID-2823,TE-6-110-9,93,2374,2881,ACTIVE,3/10/2026,seed from tblMoldDesign MoldDesignID=2823,,
2882,TE61275R-MDID-2824,TE-6-127-5R,93,4359,2882,ACTIVE,1/23/2018,seed from tblMoldDesign MoldDesignID=2824,,
2883,TE61276-MDID-2825,TE-6-127-6,93,2376,2883,ACTIVE,3/10/2026,seed from tblMoldDesign MoldDesignID=2825,,
2884,TE61277-MDID-2826,TE-6-127-7,93,2377,2884,ACTIVE,3/10/2026,seed from tblMoldDesign MoldDesignID=2826,,
2885,TE61293-MDID-2827,TE-6-129-3,93,2378,2885,ACTIVE,3/10/2026,seed from tblMoldDesign MoldDesignID=2827,,
2886,TE61294-MDID-2828,TE-6-129-4,93,2379,2886,ACTIVE,3/10/2026,seed from tblMoldDesign MoldDesignID=2828,,
2887,TE61295-MDID-2829,TE-6-129-5,93,2380,2887,ACTIVE,3/10/2026,seed from tblMoldDesign MoldDesignID=2829,,
2888,TE61297-MDID-2830,TE-6-129-7,93,2381,2888,ACTIVE,3/10/2026,seed from tblMoldDesign MoldDesignID=2830,,
2889,TE61429A-MDID-2831,TE-6-142-9 A,93,4288,2889,ACTIVE,3/10/2026,seed from tblMoldDesign MoldDesignID=2831,,
2890,TE61429B-MDID-2832,TE-6-142-9 B,93,4288,2890,ACTIVE,3/10/2026,seed from tblMoldDesign MoldDesignID=2832,,
2891,TE61429AB-MDID-2833,TE-6-142-9AB,93,4288,2891,ACTIVE,3/10/2026,seed from tblMoldDesign MoldDesignID=2833,,
2892,TE61433-MDID-2834,TE-6-143-3,93,2383,2892,ACTIVE,3/10/2026,seed from tblMoldDesign MoldDesignID=2834,,
2893,TE61560-MDID-2835,TE-6-156-0,93,2384,2893,ACTIVE,3/10/2026,seed from tblMoldDesign MoldDesignID=2835,,
2894,TE61562-MDID-2836,TE-6-156-2,93,2385,2894,ACTIVE,2/4/2020,seed from tblMoldDesign MoldDesignID=2836,,
2895,TE61566-MDID-2837,TE-6-156-6,93,2386,2895,ACTIVE,3/10/2026,seed from tblMoldDesign MoldDesignID=2837,,
2896,TE61567-MDID-2838,TE-6-156-7,93,2387,2896,ACTIVE,3/10/2026,seed from tblMoldDesign MoldDesignID=2838,,
2897,TE61571-MDID-2839,TE-6-157-1,93,2388,2897,ACTIVE,2/1/2016,seed from tblMoldDesign MoldDesignID=2839,,
2898,TE61576-MDID-2840,TE-6-157-6,93,2389,2898,ACTIVE,6/3/2016,seed from tblMoldDesign MoldDesignID=2840,,
2899,TE61578-MDID-2841,TE-6-157-8,93,2390,2899,ACTIVE,2/8/2016,seed from tblMoldDesign MoldDesignID=2841,,
2900,TE61596-MDID-2842,TE-6-159-6,93,4290,2900,ACTIVE,3/10/2026,seed from tblMoldDesign MoldDesignID=2842,,
2901,TE61596R1-MDID-2843,TE-6-159-6 R1,93,4290,2901,ACTIVE,3/10/2026,seed from tblMoldDesign MoldDesignID=2843,,
2902,TE61597R2-MDID-2844,TE-6-159-7 R2,93,48,2902,ACTIVE,3/10/2026,seed from tblMoldDesign MoldDesignID=2844,,
2903,TE61597D-MDID-2845,TE-6-159-7D,93,48,2903,ACTIVE,3/10/2026,seed from tblMoldDesign MoldDesignID=2845,,
2904,TE61607-MDID-2846,TE-6-160-7,93,2391,2904,ACTIVE,4/2/2018,seed from tblMoldDesign MoldDesignID=2846,,
2905,TE61608-MDID-2847,TE-6-160-8,93,2392,2905,ACTIVE,4/2/2018,seed from tblMoldDesign MoldDesignID=2847,,
2906,TE67209980-MDID-2848,TE-6-720998-0,93,2393,2906,ACTIVE,3/10/2026,seed from tblMoldDesign MoldDesignID=2848,,
2907,TE70507-MDID-2849,TE-7-050-7,93,2394,2907,ACTIVE,3/10/2026,seed from tblMoldDesign MoldDesignID=2849,,
2908,TE70508-MDID-2850,TE-7-050-8,93,2395,2908,ACTIVE,3/10/2026,seed from tblMoldDesign MoldDesignID=2850,,
2909,TE70571-MDID-2851,TE-7-057-1,93,2396,2909,ACTIVE,3/10/2026,seed from tblMoldDesign MoldDesignID=2851,,
2910,TE70579-MDID-2852,TE-7-057-9,93,2397,2910,ACTIVE,3/10/2026,seed from tblMoldDesign MoldDesignID=2852,,
2911,TE70682-MDID-2853,TE-7-068-2,93,4293,2911,ACTIVE,3/10/2026,seed from tblMoldDesign MoldDesignID=2853,,
2912,TE70699-MDID-2854,TE-7-069-9,93,2398,2912,ACTIVE,3/10/2026,seed from tblMoldDesign MoldDesignID=2854,,
2913,TE70739-MDID-2855,TE-7-073-9,93,2399,2913,ACTIVE,3/10/2026,seed from tblMoldDesign MoldDesignID=2855,,
2914,TE70758V01-MDID-2856,TE-7-075-8-V01,93,2400,2914,ACTIVE,3/10/2026,seed from tblMoldDesign MoldDesignID=2856,,
2915,TE70769-MDID-2857,TE-7-076-9,93,49,2915,ACTIVE,3/10/2026,seed from tblMoldDesign MoldDesignID=2857,,
2916,TE70776-MDID-2858,TE-7-077-6,93,2401,2916,ACTIVE,3/10/2026,seed from tblMoldDesign MoldDesignID=2858,,
2917,TE70790-MDID-2859,TE-7-079-0,93,2402,2917,ACTIVE,3/10/2026,seed from tblMoldDesign MoldDesignID=2859,,
2918,TE71271-MDID-2860,TE-7-127-1,93,2403,2918,ACTIVE,3/10/2026,seed from tblMoldDesign MoldDesignID=2860,,
2919,TE71272-MDID-2861,TE-7-127-2,93,2404,2919,ACTIVE,3/10/2026,seed from tblMoldDesign MoldDesignID=2861,,
2920,TE71275-MDID-2862,TE-7-127-5,93,2405,2920,ACTIVE,3/10/2026,seed from tblMoldDesign MoldDesignID=2862,,
2921,TE71276-MDID-2863,TE-7-127-6,93,2406,2921,ACTIVE,3/10/2026,seed from tblMoldDesign MoldDesignID=2863,,
2922,TE71277-MDID-2864,TE-7-127-7,93,50,2922,ACTIVE,4/1/2015,seed from tblMoldDesign MoldDesignID=2864,,
2923,TE71277R3-MDID-2865,TE-7-127-7 R3,93,50,2923,ACTIVE,4/11/2015,seed from tblMoldDesign MoldDesignID=2865,,
2924,TE71277R4-MDID-2866,TE-7-127-7 R4,93,50,2924,ACTIVE,3/10/2026,seed from tblMoldDesign MoldDesignID=2866,,
2925,TE71278R-MDID-2867,TE-7-127-8 R,93,4358,2925,ACTIVE,7/22/2015,seed from tblMoldDesign MoldDesignID=2867,,
2926,TE71278R3-MDID-2868,TE-7-127-8 R3,93,4358,2926,ACTIVE,7/22/2015,seed from tblMoldDesign MoldDesignID=2868,,
2927,TE71278R6-MDID-2869,TE-7-127-8 R6,93,4358,2927,ACTIVE,10/5/2015,seed from tblMoldDesign MoldDesignID=2869,,
2928,TE71279-MDID-2870,TE-7-127-9,93,2409,2928,ACTIVE,3/10/2026,seed from tblMoldDesign MoldDesignID=2870,,
2929,TE71292-MDID-2871,TE-7-129-2,93,2410,2929,ACTIVE,3/10/2026,seed from tblMoldDesign MoldDesignID=2871,,
2930,TE71303-MDID-2872,TE-7-130-3,93,2411,2930,ACTIVE,3/10/2026,seed from tblMoldDesign MoldDesignID=2872,,
2931,TE71307-MDID-2873,TE-7-130-7,93,51,2931,ACTIVE,3/10/2026,seed from tblMoldDesign MoldDesignID=2873,,
2932,TE71308-MDID-2874,TE-7-130-8,93,2412,2932,ACTIVE,3/10/2026,seed from tblMoldDesign MoldDesignID=2874,,
2933,TE71308R-MDID-2875,TE-7-130-8 R,93,2412,2933,ACTIVE,3/10/2026,seed from tblMoldDesign MoldDesignID=2875,,
2934,TE71309-MDID-2876,TE-7-130-9,93,2414,2934,ACTIVE,3/10/2026,seed from tblMoldDesign MoldDesignID=2876,,
2935,TE71354-MDID-2877,TE-7-135-4,93,4301,2935,ACTIVE,6/24/2020,seed from tblMoldDesign MoldDesignID=2877,,
2936,TE71355-MDID-2878,TE-7-135-5,93,2415,2936,ACTIVE,2/1/2016,seed from tblMoldDesign MoldDesignID=2878,,
2937,TE71415-MDID-2879,TE-7-141-5,93,2416,2937,ACTIVE,3/10/2026,seed from tblMoldDesign MoldDesignID=2879,,
2938,TE71416-MDID-2880,TE-7-141-6,93,2417,2938,ACTIVE,3/10/2026,seed from tblMoldDesign MoldDesignID=2880,,
2939,TE71429-MDID-2881,TE-7-142-9,93,2418,2939,ACTIVE,3/10/2026,seed from tblMoldDesign MoldDesignID=2881,,
2940,TE71573-MDID-2882,TE-7-157-3,93,2419,2940,ACTIVE,5/18/2016,seed from tblMoldDesign MoldDesignID=2882,,
2941,TE71610-MDID-2883,TE-7-161-0,93,2420,2941,ACTIVE,11/1/2019,seed from tblMoldDesign MoldDesignID=2883,,
2942,TE71621-MDID-2884,TE-7-162-1,93,2421,2942,ACTIVE,3/10/2026,seed from tblMoldDesign MoldDesignID=2884,,
2943,TE79369933-MDID-2885,TE-7-936993-3,93,4302,2943,ACTIVE,3/10/2026,seed from tblMoldDesign MoldDesignID=2885,,
2944,TE79933-MDID-2886,TE-7-993-3,93,2422,2944,ACTIVE,7/31/2017,seed from tblMoldDesign MoldDesignID=2886,,
2945,TE80502-MDID-2887,TE-8-050-2,93,2423,2945,ACTIVE,3/10/2026,seed from tblMoldDesign MoldDesignID=2887,,
2946,TE80503-MDID-2888,TE-8-050-3,93,2424,2946,ACTIVE,3/10/2026,seed from tblMoldDesign MoldDesignID=2888,,
2947,TE80562-MDID-2889,TE-8-056-2,93,2425,2947,ACTIVE,3/10/2026,seed from tblMoldDesign MoldDesignID=2889,,
2948,TE80719-MDID-2890,TE-8-071-9,93,2426,2948,ACTIVE,3/10/2026,seed from tblMoldDesign MoldDesignID=2890,,
2949,TE80728-MDID-2891,TE-8-072-8,93,2427,2949,ACTIVE,3/10/2026,seed from tblMoldDesign MoldDesignID=2891,,
2950,TE80745-MDID-2892,TE-8-074-5,93,2428,2950,ACTIVE,3/10/2026,seed from tblMoldDesign MoldDesignID=2892,,
2951,TE80765-MDID-2893,TE-8-076-5,93,2429,2951,ACTIVE,3/10/2026,seed from tblMoldDesign MoldDesignID=2893,,
2952,TE80771-MDID-2894,TE-8-077-1,93,2430,2952,ACTIVE,3/10/2026,seed from tblMoldDesign MoldDesignID=2894,,
2953,TE81033-MDID-2895,TE-8-103-3,93,2431,2953,ACTIVE,3/10/2026,seed from tblMoldDesign MoldDesignID=2895,,
2954,TE81039-MDID-2896,TE-8-103-9,93,2432,2954,ACTIVE,3/10/2026,seed from tblMoldDesign MoldDesignID=2896,,
2955,TE81109-MDID-2897,TE-8-110-9,93,59,2955,ACTIVE,3/10/2026,seed from tblMoldDesign MoldDesignID=2897,,
2956,TE81270-MDID-2898,TE-8-127-0,93,2433,2956,ACTIVE,3/10/2026,seed from tblMoldDesign MoldDesignID=2898,,
2957,TE81271-MDID-2899,TE-8-127-1,93,2434,2957,ACTIVE,9/20/2018,seed from tblMoldDesign MoldDesignID=2899,,
2958,TE81272-MDID-2900,TE-8-127-2,93,2435,2958,ACTIVE,10/20/2014,seed from tblMoldDesign MoldDesignID=2900,,
2959,TE81274-MDID-2901,TE-8-127-4,93,2436,2959,ACTIVE,10/20/2014,seed from tblMoldDesign MoldDesignID=2901,,
2960,TE81275-MDID-2902,TE-8-127-5,93,2437,2960,ACTIVE,10/20/2014,seed from tblMoldDesign MoldDesignID=2902,,
2961,TE81276-MDID-2903,TE-8-127-6,93,2438,2961,ACTIVE,10/20/2014,seed from tblMoldDesign MoldDesignID=2903,,
2962,TE81278-MDID-2904,TE-8-127-8,93,2439,2962,ACTIVE,10/20/2014,seed from tblMoldDesign MoldDesignID=2904,,
2963,TE81298-MDID-2905,TE-8-129-8,93,2440,2963,ACTIVE,3/10/2026,seed from tblMoldDesign MoldDesignID=2905,,
2964,TE81300-MDID-2906,TE-8-130-0,93,2441,2964,ACTIVE,3/10/2026,seed from tblMoldDesign MoldDesignID=2906,,
2965,TE81305-MDID-2907,TE-8-130-5,93,2442,2965,ACTIVE,3/10/2026,seed from tblMoldDesign MoldDesignID=2907,,
2966,TE81351-MDID-2908,TE-8-135-1,93,2443,2966,ACTIVE,3/10/2026,seed from tblMoldDesign MoldDesignID=2908,,
2967,TE81565-MDID-2909,TE-8-156-5,93,4305,2967,ACTIVE,3/10/2026,seed from tblMoldDesign MoldDesignID=2909,,
2968,TE81566-MDID-2910,TE-8-156-6,93,4308,2968,ACTIVE,10/20/2014,seed from tblMoldDesign MoldDesignID=2910,,
2969,TE81567-MDID-2911,TE-8-156-7,93,2444,2969,ACTIVE,11/29/2014,seed from tblMoldDesign MoldDesignID=2911,,
2970,TE81567R-MDID-2912,TE-8-156-7 R,93,2444,2970,ACTIVE,10/20/2014,seed from tblMoldDesign MoldDesignID=2912,,
2971,TE81578-MDID-2913,TE-8-157-8,93,2446,2971,ACTIVE,6/13/2016,seed from tblMoldDesign MoldDesignID=2913,,
2972,TE81615-MDID-2914,TE-8-161-5,93,4307,2972,ACTIVE,2/14/2020,seed from tblMoldDesign MoldDesignID=2914,,
2973,TE816151P-MDID-2915,TE-8-161-5   1P,93,4307,2973,ACTIVE,3/10/2026,seed from tblMoldDesign MoldDesignID=2915,,
2974,TE816152P-MDID-2916,TE-8-161-5   2P,93,4307,2974,ACTIVE,3/10/2026,seed from tblMoldDesign MoldDesignID=2916,,
2975,TE81621-MDID-2917,TE-8-162-1,93,2447,2975,ACTIVE,3/10/2026,seed from tblMoldDesign MoldDesignID=2917,,
2976,TE81624PP-MDID-2919,TE-8-162-4 PP,93,2448,2976,ACTIVE,3/10/2026,seed from tblMoldDesign MoldDesignID=2919,,
2977,TE81624PS-MDID-2920,TE-8-162-4 PS,93,2448,2977,ACTIVE,3/10/2026,seed from tblMoldDesign MoldDesignID=2920,,
2978,TE81625PS-MDID-2921,TE-8-162-5 PS,93,2450,2978,ACTIVE,3/10/2026,seed from tblMoldDesign MoldDesignID=2921,,
2979,TE81625R1PP-MDID-2922,TE-8-162-5 R1 PP,93,2450,2979,ACTIVE,3/10/2026,seed from tblMoldDesign MoldDesignID=2922,,
2980,TE81625R1?-MDID-2923,TE-8-162-5R1?,93,2450,2980,ACTIVE,3/10/2026,seed from tblMoldDesign MoldDesignID=2923,,
2981,TE89121621-MDID-2924,TE-8-912162-1,93,2447,2981,ACTIVE,3/10/2026,seed from tblMoldDesign MoldDesignID=2924,,
2982,TE90115R-MDID-2925,TE-9-011-5R,93,4357,2982,ACTIVE,3/10/2026,seed from tblMoldDesign MoldDesignID=2925,,
2983,TE90528-MDID-2926,TE-9-052-8,93,2453,2983,ACTIVE,3/10/2026,seed from tblMoldDesign MoldDesignID=2926,,
2984,TE90562-MDID-2927,TE-9-056-2,93,4311,2984,ACTIVE,3/10/2026,seed from tblMoldDesign MoldDesignID=2927,,
2985,TE90620-MDID-2928,TE-9-062-0,93,2454,2985,ACTIVE,3/10/2026,seed from tblMoldDesign MoldDesignID=2928,,
2986,TE90721-MDID-2929,TE-9-072-1,93,2455,2986,ACTIVE,3/10/2026,seed from tblMoldDesign MoldDesignID=2929,,
2987,TE90772-MDID-2930,TE-9-077-2,93,2456,2987,ACTIVE,3/10/2026,seed from tblMoldDesign MoldDesignID=2930,,
2988,TE90775-MDID-2931,TE-9-077-5,93,2457,2988,ACTIVE,3/10/2026,seed from tblMoldDesign MoldDesignID=2931,,
2989,TE90790-MDID-2932,TE-9-079-0,93,2458,2989,ACTIVE,3/10/2026,seed from tblMoldDesign MoldDesignID=2932,,
2990,TE90793-MDID-2933,TE-9-079-3,93,2459,2990,ACTIVE,3/10/2026,seed from tblMoldDesign MoldDesignID=2933,,
2991,TE90794-MDID-2934,TE-9-079-4,93,2460,2991,ACTIVE,3/10/2026,seed from tblMoldDesign MoldDesignID=2934,,
2992,TE90988-MDID-2935,TE-9-098-8,93,2461,2992,ACTIVE,3/10/2026,seed from tblMoldDesign MoldDesignID=2935,,
2993,TE9121606-MDID-2936,TE-912160-6,93,2008,2993,ACTIVE,3/10/2026,seed from tblMoldDesign MoldDesignID=2936,,
2994,TE91273-MDID-2937,TE-9-127-3,93,2462,2994,ACTIVE,4/2/2015,seed from tblMoldDesign MoldDesignID=2937,,
2995,TE91276-MDID-2938,TE-9-127-6,93,2463,2995,ACTIVE,7/3/2015,seed from tblMoldDesign MoldDesignID=2938,,
2996,TE91278-MDID-2939,TE-9-127-8,93,2464,2996,ACTIVE,12/18/2015,seed from tblMoldDesign MoldDesignID=2939,,
2997,TE91279-MDID-2940,TE-9-127-9,93,2465,2997,ACTIVE,3/10/2026,seed from tblMoldDesign MoldDesignID=2940,,
2998,TE91295-MDID-2941,TE-9-129-5,93,2466,2998,ACTIVE,3/10/2026,seed from tblMoldDesign MoldDesignID=2941,,
2999,TE91296-MDID-2942,TE-9-129-6,93,2467,2999,ACTIVE,3/10/2026,seed from tblMoldDesign MoldDesignID=2942,,
3000,TE91300-MDID-2943,TE-9-130-0,93,2468,3000,ACTIVE,4/15/2019,seed from tblMoldDesign MoldDesignID=2943,,
3001,TE91302-MDID-2944,TE-9-130-2,93,4312,3001,ACTIVE,3/10/2026,seed from tblMoldDesign MoldDesignID=2944,,
3002,TE91420-MDID-2945,TE-9-142-0,93,2469,3002,ACTIVE,3/10/2026,seed from tblMoldDesign MoldDesignID=2945,,
3003,TE91426-MDID-2946,TE-9-142-6,93,2470,3003,ACTIVE,3/10/2026,seed from tblMoldDesign MoldDesignID=2946,,
3004,TE91436-MDID-2947,TE-9-143-6,93,2471,3004,ACTIVE,3/10/2026,seed from tblMoldDesign MoldDesignID=2947,,
3005,TE91561R-MDID-2948,TE-9-156-1 R,93,67,3005,ACTIVE,3/10/2026,seed from tblMoldDesign MoldDesignID=2948,,
3006,Te91607-MDID-2950,Te-9-160-7,93,2472,3006,ACTIVE,5/28/2019,seed from tblMoldDesign MoldDesignID=2950,,
3007,Te91608-MDID-2951,Te-9-160-8,93,2473,3007,ACTIVE,5/28/2019,seed from tblMoldDesign MoldDesignID=2951,,
3008,Te91609-MDID-2952,Te-9-160-9,93,2474,3008,ACTIVE,6/3/2019,seed from tblMoldDesign MoldDesignID=2952,,
3009,TE91611-MDID-2953,TE-9-161-1,93,4316,3009,ACTIVE,8/6/2020,seed from tblMoldDesign MoldDesignID=2953,,
3010,TE91626-MDID-2954,TE-9-162-6,93,71,3010,ACTIVE,3/10/2026,seed from tblMoldDesign MoldDesignID=2954,,
3011,TE91627-MDID-2955,TE-9-162-7,93,68,3011,ACTIVE,3/10/2026,seed from tblMoldDesign MoldDesignID=2955,,
3012,TE91627R2-MDID-2956,TE-9-162-7 R2,93,68,3012,ACTIVE,3/10/2026,seed from tblMoldDesign MoldDesignID=2956,,
3013,TE96120562-MDID-2957,TE-9-612056-2,93,69,3013,ACTIVE,3/10/2026,seed from tblMoldDesign MoldDesignID=2957,,
3014,TE9725175-MDID-2958,TE-97-25175,93,2475,3014,ACTIVE,3/10/2026,seed from tblMoldDesign MoldDesignID=2958,,
3015,TENoname-MDID-2959,TE-Noname,93,2007,3015,ACTIVE,3/10/2026,seed from tblMoldDesign MoldDesignID=2959,,
3016,TEP001-MDID-2960,TEP-001,273,2477,3016,ACTIVE,2/25/2016,seed from tblMoldDesign MoldDesignID=2960,,
3017,TEP002-MDID-2961,TEP-002,273,2478,3017,ACTIVE,2/25/2016,seed from tblMoldDesign MoldDesignID=2961,,
3018,TEP003-MDID-2962,TEP-003,273,2479,3018,ACTIVE,2/9/2016,seed from tblMoldDesign MoldDesignID=2962,,
3019,TEP004-MDID-2963,TEP-004,273,2480,3019,ACTIVE,6/27/2016,seed from tblMoldDesign MoldDesignID=2963,,
3020,TEP005-MDID-2964,TEP-005,273,2481,3020,ACTIVE,8/1/2016,seed from tblMoldDesign MoldDesignID=2964,,
3021,TEP006-MDID-2965,TEP-006,273,2482,3021,ACTIVE,10/2/2019,seed from tblMoldDesign MoldDesignID=2965,,
3022,TES001-MDID-2966,TES-001,258,4321,3022,ACTIVE,3/10/2026,seed from tblMoldDesign MoldDesignID=2966,,
3023,TES002-MDID-2967,TES-002,258,2483,3023,ACTIVE,3/10/2026,seed from tblMoldDesign MoldDesignID=2967,,
3024,TH009-MDID-2969,TH-009,243,2485,3024,ACTIVE,3/10/2026,seed from tblMoldDesign MoldDesignID=2969,,
3025,TH011-MDID-2970,TH-011,243,2486,3025,ACTIVE,3/10/2026,seed from tblMoldDesign MoldDesignID=2970,,
3026,TH013-MDID-2971,TH-013,243,4322,3026,ACTIVE,3/10/2026,seed from tblMoldDesign MoldDesignID=2971,,
3027,TH014-MDID-2972,TH-014,243,4323,3027,ACTIVE,3/10/2026,seed from tblMoldDesign MoldDesignID=2972,,
3028,TH015-MDID-2973,TH-015,243,2487,3028,ACTIVE,3/10/2026,seed from tblMoldDesign MoldDesignID=2973,,
3029,TH028-MDID-2974,TH-028,243,2488,3029,ACTIVE,3/10/2026,seed from tblMoldDesign MoldDesignID=2974,,
3030,TH029-MDID-2975,TH-029,243,2489,3030,ACTIVE,3/10/2026,seed from tblMoldDesign MoldDesignID=2975,,
3031,TH031-MDID-2976,TH-031,243,2490,3031,ACTIVE,3/10/2026,seed from tblMoldDesign MoldDesignID=2976,,
3032,TH032-MDID-2977,TH-032,243,2491,3032,ACTIVE,3/10/2026,seed from tblMoldDesign MoldDesignID=2977,,
3033,TH033-MDID-2978,TH-033,243,2492,3033,ACTIVE,3/10/2026,seed from tblMoldDesign MoldDesignID=2978,,
3034,TH048-MDID-2979,TH-048,243,2493,3034,ACTIVE,3/10/2026,seed from tblMoldDesign MoldDesignID=2979,,
3035,TH050-MDID-2980,TH-050,243,2494,3035,ACTIVE,3/10/2026,seed from tblMoldDesign MoldDesignID=2980,,
3036,TH051-MDID-2981,TH-051,243,2495,3036,ACTIVE,3/10/2026,seed from tblMoldDesign MoldDesignID=2981,,
3037,TH058-MDID-2983,TH-058,243,2497,3037,ACTIVE,6/29/2015,seed from tblMoldDesign MoldDesignID=2983,,
3038,TH059-MDID-2984,TH-059,243,2498,3038,ACTIVE,1/10/2017,seed from tblMoldDesign MoldDesignID=2984,,
3039,TH060-MDID-2985,TH-060,243,2499,3039,ACTIVE,3/10/2026,seed from tblMoldDesign MoldDesignID=2985,,
3040,THK001-MDID-2986,THK-001,275,2500,3040,ACTIVE,3/10/2026,seed from tblMoldDesign MoldDesignID=2986,,
3041,THK002-MDID-2987,THK-002,275,2501,3041,ACTIVE,10/20/2014,seed from tblMoldDesign MoldDesignID=2987,,
3042,THK003-MDID-2988,THK-003,275,2502,3042,ACTIVE,10/20/2014,seed from tblMoldDesign MoldDesignID=2988,,
3043,THK004-MDID-2989,THK-004,275,2503,3043,ACTIVE,10/20/2014,seed from tblMoldDesign MoldDesignID=2989,,
3044,THK005-MDID-2990,THK-005,275,2504,3044,ACTIVE,3/10/2026,seed from tblMoldDesign MoldDesignID=2990,,
3045,THK006-MDID-2991,THK-006,275,2505,3045,ACTIVE,10/20/2014,seed from tblMoldDesign MoldDesignID=2991,,
3046,THK007-MDID-2992,THK-007,275,2506,3046,ACTIVE,10/20/2014,seed from tblMoldDesign MoldDesignID=2992,,
3047,THK008-MDID-2993,THK-008,275,2507,3047,ACTIVE,10/20/2014,seed from tblMoldDesign MoldDesignID=2993,,
3048,THP001-MDID-2994,THP-001,94,2508,3048,ACTIVE,3/10/2026,seed from tblMoldDesign MoldDesignID=2994,,
3049,THP002-MDID-2995,THP-002,94,2509,3049,ACTIVE,3/10/2026,seed from tblMoldDesign MoldDesignID=2995,,
3050,THP003-MDID-2996,THP-003,94,2510,3050,ACTIVE,2/10/2020,seed from tblMoldDesign MoldDesignID=2996,,
3051,THP003210x160-MDID-2997,THP-003 210x160,94,2510,3051,ACTIVE,3/10/2026,seed from tblMoldDesign MoldDesignID=2997,,
3052,THP004-MDID-2998,THP-004,94,2512,3052,ACTIVE,2/10/2020,seed from tblMoldDesign MoldDesignID=2998,,
3053,THP004210x160-MDID-2999,THP-004 210x160,94,2512,3053,ACTIVE,3/10/2026,seed from tblMoldDesign MoldDesignID=2999,,
3054,THP005-MDID-3000,THP-005,94,2514,3054,ACTIVE,5/13/2020,seed from tblMoldDesign MoldDesignID=3000,,
3055,THP006-MDID-3001,THP-006,94,2515,3055,ACTIVE,4/8/2020,seed from tblMoldDesign MoldDesignID=3001,,
3056,THP007-MDID-3002,THP-007,94,2516,3056,ACTIVE,3/10/2026,seed from tblMoldDesign MoldDesignID=3002,,
3057,THP059-MDID-3003,THP-059,94,2517,3057,ACTIVE,3/10/2026,seed from tblMoldDesign MoldDesignID=3003,,
3058,TIH001-MDID-3004,TIH-001,95,2518,3058,ACTIVE,10/20/2014,seed from tblMoldDesign MoldDesignID=3004,,
3059,TIH002-MDID-3005,TIH-002,95,2519,3059,ACTIVE,10/20/2014,seed from tblMoldDesign MoldDesignID=3005,,
3060,TIH003-MDID-3006,TIH-003,95,2520,3060,ACTIVE,10/20/2014,seed from tblMoldDesign MoldDesignID=3006,,
3061,TIH004-MDID-3007,TIH-004,95,4324,3061,ACTIVE,10/20/2014,seed from tblMoldDesign MoldDesignID=3007,,
3062,TIH005-MDID-3008,TIH-005,95,2521,3062,ACTIVE,10/20/2014,seed from tblMoldDesign MoldDesignID=3008,,
3063,TIH006-MDID-3009,TIH-006,95,2522,3063,ACTIVE,10/20/2014,seed from tblMoldDesign MoldDesignID=3009,,
3064,TIH007-MDID-3010,TIH-007,95,4325,3064,ACTIVE,10/20/2014,seed from tblMoldDesign MoldDesignID=3010,,
3065,TIH008-MDID-3011,TIH-008,95,4326,3065,ACTIVE,3/10/2026,seed from tblMoldDesign MoldDesignID=3011,,
3066,TIH009B-MDID-3012,TIH-009B,95,4327,3066,ACTIVE,10/20/2014,seed from tblMoldDesign MoldDesignID=3012,,
3067,TIH009T-MDID-3013,TIH-009T,95,4327,3067,ACTIVE,10/20/2014,seed from tblMoldDesign MoldDesignID=3013,,
3068,TIH010-MDID-3014,TIH-010,95,2524,3068,ACTIVE,7/22/2016,seed from tblMoldDesign MoldDesignID=3014,,
3069,TIH011-MDID-3015,TIH-011,95,2525,3069,ACTIVE,9/8/2016,seed from tblMoldDesign MoldDesignID=3015,,
3070,TIH012-MDID-3016,TIH-012,95,2526,3070,ACTIVE,10/28/2016,seed from tblMoldDesign MoldDesignID=3016,,
3071,TIH013-MDID-3017,TIH-013,95,2527,3071,ACTIVE,4/7/2017,seed from tblMoldDesign MoldDesignID=3017,,
3072,TIH014-MDID-3018,TIH-014,95,2528,3072,ACTIVE,9/17/2019,seed from tblMoldDesign MoldDesignID=3018,,
3073,TIH015-MDID-3019,TIH-015,95,2529,3073,ACTIVE,9/18/2019,seed from tblMoldDesign MoldDesignID=3019,,
3074,TIH016-MDID-3020,TIH-016,95,2530,3074,ACTIVE,1/30/2020,seed from tblMoldDesign MoldDesignID=3020,,
3075,TIH017-MDID-3021,TIH-017,243,4441,3075,ACTIVE,6/4/2020,seed from tblMoldDesign MoldDesignID=3021,,
3076,TIH017B-MDID-3022,TIH-017B,243,4441,3076,ACTIVE,3/10/2026,seed from tblMoldDesign MoldDesignID=3022,,
3077,TIH018-MDID-3023,TIH-018,95,2533,3077,ACTIVE,1/6/2021,seed from tblMoldDesign MoldDesignID=3023,,
3078,TIH018B-MDID-3024,TIH-018B,243,4442,3078,ACTIVE,3/10/2026,seed from tblMoldDesign MoldDesignID=3024,,
3079,TIH018PS-MDID-3025,TIH-018PS,243,4442,3079,ACTIVE,3/10/2026,seed from tblMoldDesign MoldDesignID=3025,,
3080,TIH019-MDID-3026,TIH-019,95,2536,3080,ACTIVE,8/2/2021,seed from tblMoldDesign MoldDesignID=3026,,
3081,TH019BM-MDID-3027,TH-019BM,243,4443,3081,ACTIVE,3/10/2026,seed from tblMoldDesign MoldDesignID=3027,,
3082,TIH020-MDID-3028,TIH-020,95,2538,3082,ACTIVE,8/7/2021,seed from tblMoldDesign MoldDesignID=3028,,
3083,TIH022-MDID-3029,TIH-022,95,2539,3083,ACTIVE,3/10/2026,seed from tblMoldDesign MoldDesignID=3029,,
3084,TIH023-MDID-3031,TIH-023,95,2541,3084,ACTIVE,3/10/2026,seed from tblMoldDesign MoldDesignID=3031,,
3085,TH024-MDID-3032,TH-024,243,4434,3085,ACTIVE,3/10/2026,seed from tblMoldDesign MoldDesignID=3032,,
3086,TII001-MDID-3045,TII-001,247,2555,3086,ACTIVE,10/20/2014,seed from tblMoldDesign MoldDesignID=3045,,
3087,TJS002-MDID-3046,TJS-002,264,4328,3087,ACTIVE,10/20/2014,seed from tblMoldDesign MoldDesignID=3046,,
3088,TJS003-MDID-3047,TJS-003,264,2556,3088,ACTIVE,10/20/2014,seed from tblMoldDesign MoldDesignID=3047,,
3089,TJS004-MDID-3048,TJS-004,264,4329,3089,ACTIVE,10/20/2014,seed from tblMoldDesign MoldDesignID=3048,,
3090,TK001-MDID-3049,TK-001,340,4330,3090,ACTIVE,2/18/2016,seed from tblMoldDesign MoldDesignID=3049,,
3091,TKD001-MDID-3050,TKD-001,96,2557,3091,ACTIVE,10/20/2014,seed from tblMoldDesign MoldDesignID=3050,,
3092,TKD001xx-MDID-3051,TKD-001xx,96,2557,3092,ACTIVE,3/10/2026,seed from tblMoldDesign MoldDesignID=3051,,
3093,TKD002-MDID-3052,TKD-002,96,2559,3093,ACTIVE,10/20/2014,seed from tblMoldDesign MoldDesignID=3052,,
3094,TKD003-MDID-3053,TKD-003,96,2560,3094,ACTIVE,10/20/2014,seed from tblMoldDesign MoldDesignID=3053,,
3095,TKD004-MDID-3054,TKD-004,96,2561,3095,ACTIVE,10/20/2014,seed from tblMoldDesign MoldDesignID=3054,,
3096,TKD005-MDID-3055,TKD-005,96,2562,3096,ACTIVE,10/20/2014,seed from tblMoldDesign MoldDesignID=3055,,
3097,TKD006-MDID-3056,TKD-006,96,4331,3097,ACTIVE,10/20/2014,seed from tblMoldDesign MoldDesignID=3056,,
3098,TKD007-MDID-3057,TKD-007,96,2563,3098,ACTIVE,10/20/2014,seed from tblMoldDesign MoldDesignID=3057,,
3099,TKD008-MDID-3058,TKD-008,96,2564,3099,ACTIVE,10/20/2014,seed from tblMoldDesign MoldDesignID=3058,,
3100,TKD009-MDID-3059,TKD-009,96,2565,3100,ACTIVE,10/20/2014,seed from tblMoldDesign MoldDesignID=3059,,
3101,TKD010-MDID-3060,TKD-010,96,2566,3101,ACTIVE,10/20/2014,seed from tblMoldDesign MoldDesignID=3060,,
3102,TKD012-MDID-3061,TKD-012,96,2567,3102,ACTIVE,10/20/2014,seed from tblMoldDesign MoldDesignID=3061,,
3103,TKD013-MDID-3062,TKD-013,96,2568,3103,ACTIVE,12/16/2015,seed from tblMoldDesign MoldDesignID=3062,,
3104,TKD015-MDID-3063,TKD-015,96,2569,3104,ACTIVE,6/7/2017,seed from tblMoldDesign MoldDesignID=3063,,
3105,TKD016-MDID-3064,TKD-016,96,2570,3105,ACTIVE,4/9/2018,seed from tblMoldDesign MoldDesignID=3064,,
3106,TKD017-MDID-3065,TKD-017,96,2571,3106,ACTIVE,5/9/2018,seed from tblMoldDesign MoldDesignID=3065,,
3107,TKD020?-MDID-3066,TKD-020?,96,2572,3107,ACTIVE,3/10/2026,seed from tblMoldDesign MoldDesignID=3066,,
3108,TKD020D-MDID-3067,TKD-020D,96,2572,3108,ACTIVE,3/10/2026,seed from tblMoldDesign MoldDesignID=3067,,
3109,TKD020-MDID-3068,TKD-020,96,2572,3109,ACTIVE,3/10/2026,seed from tblMoldDesign MoldDesignID=3068,,
3110,TKD021D-MDID-3069,TKD-021D,96,2573,3110,ACTIVE,3/10/2026,seed from tblMoldDesign MoldDesignID=3069,,
3111,TKD021-MDID-3070,TKD-021,96,2573,3111,ACTIVE,3/10/2026,seed from tblMoldDesign MoldDesignID=3070,,
3112,TKD022-MDID-3071,TKD-022,96,2574,3112,ACTIVE,3/10/2026,seed from tblMoldDesign MoldDesignID=3071,,
3113,TKD022D-MDID-3072,TKD-022D,96,2574,3113,ACTIVE,3/10/2026,seed from tblMoldDesign MoldDesignID=3072,,
3114,TKDNonumbe-MDID-3073,TKD-Nonumbe,96,2575,3114,ACTIVE,3/10/2026,seed from tblMoldDesign MoldDesignID=3073,,
3115,TKN001-MDID-3074,TKN-001,97,2576,3115,ACTIVE,10/20/2014,seed from tblMoldDesign MoldDesignID=3074,,
3116,TKN002-MDID-3075,TKN-002,97,2577,3116,ACTIVE,7/16/2015,seed from tblMoldDesign MoldDesignID=3075,,
3117,TKO-MDID-3076,TKO,98,4332,3117,ACTIVE,10/20/2014,seed from tblMoldDesign MoldDesignID=3076,,
3118,TKO001-MDID-3077,TKO-001,98,2578,3118,ACTIVE,10/20/2014,seed from tblMoldDesign MoldDesignID=3077,,
3119,TKO009T-MDID-3078,TKO-009T,98,2579,3119,ACTIVE,3/10/2026,seed from tblMoldDesign MoldDesignID=3078,,
3120,TKS001-MDID-3079,TKS-001,99,4333,3120,ACTIVE,3/10/2026,seed from tblMoldDesign MoldDesignID=3079,,
3121,TKS002-MDID-3080,TKS-002,99,2580,3121,ACTIVE,3/10/2026,seed from tblMoldDesign MoldDesignID=3080,,
3122,TKS003-MDID-3081,TKS-003,99,2581,3122,ACTIVE,3/10/2026,seed from tblMoldDesign MoldDesignID=3081,,
3123,TKS006-MDID-3082,TKS-006,99,4334,3123,ACTIVE,3/10/2026,seed from tblMoldDesign MoldDesignID=3082,,
3124,TKS007-MDID-3083,TKS-007,99,2582,3124,ACTIVE,3/10/2026,seed from tblMoldDesign MoldDesignID=3083,,
3125,TKS008-MDID-3084,TKS-008,99,2583,3125,ACTIVE,3/10/2026,seed from tblMoldDesign MoldDesignID=3084,,
3126,TKS009-MDID-3085,TKS-009,99,2584,3126,ACTIVE,3/10/2026,seed from tblMoldDesign MoldDesignID=3085,,
3127,TKS010-MDID-3086,TKS-010,99,2585,3127,ACTIVE,3/10/2026,seed from tblMoldDesign MoldDesignID=3086,,
3128,TKS011-MDID-3087,TKS-011,99,2586,3128,ACTIVE,3/10/2026,seed from tblMoldDesign MoldDesignID=3087,,
3129,TKS012-MDID-3088,TKS-012,99,2587,3129,ACTIVE,3/10/2026,seed from tblMoldDesign MoldDesignID=3088,,
3130,TKS013-MDID-3089,TKS-013,99,2588,3130,ACTIVE,3/10/2026,seed from tblMoldDesign MoldDesignID=3089,,
3131,TKS014-MDID-3090,TKS-014,99,2589,3131,ACTIVE,3/10/2026,seed from tblMoldDesign MoldDesignID=3090,,
3132,TKS015R-MDID-3091,TKS-015R,99,2590,3132,ACTIVE,3/10/2026,seed from tblMoldDesign MoldDesignID=3091,,
3133,TKS016-MDID-3092,TKS-016,99,2591,3133,ACTIVE,3/10/2026,seed from tblMoldDesign MoldDesignID=3092,,
3134,TKS017-MDID-3093,TKS-017,99,2592,3134,ACTIVE,3/10/2026,seed from tblMoldDesign MoldDesignID=3093,,
3135,TKS018-MDID-3094,TKS-018,99,2593,3135,ACTIVE,3/10/2026,seed from tblMoldDesign MoldDesignID=3094,,
3136,TKS019-MDID-3095,TKS-019,99,2594,3136,ACTIVE,3/10/2026,seed from tblMoldDesign MoldDesignID=3095,,
3137,TKS021-MDID-3096,TKS-021,99,2595,3137,ACTIVE,11/11/2015,seed from tblMoldDesign MoldDesignID=3096,,
3138,TMC001-MDID-3097,TMC-001,100,2596,3138,ACTIVE,3/10/2026,seed from tblMoldDesign MoldDesignID=3097,,
3139,TMC001R-MDID-3098,TMC-001R,100,2596,3139,ACTIVE,3/10/2026,seed from tblMoldDesign MoldDesignID=3098,,
3140,TMC002-MDID-3099,TMC-002,100,4363,3140,ACTIVE,3/10/2026,seed from tblMoldDesign MoldDesignID=3099,,
3141,TMC003-MDID-3100,TMC-003,100,2598,3141,ACTIVE,3/10/2026,seed from tblMoldDesign MoldDesignID=3100,,
3142,TMC003R-MDID-3101,TMC-003R,100,2598,3142,ACTIVE,3/10/2026,seed from tblMoldDesign MoldDesignID=3101,,
3143,TMC005-MDID-3102,TMC-005,100,2600,3143,ACTIVE,3/10/2026,seed from tblMoldDesign MoldDesignID=3102,,
3144,TMC014-MDID-3103,TMC-014,100,4335,3144,ACTIVE,3/10/2026,seed from tblMoldDesign MoldDesignID=3103,,
3145,TMC018-MDID-3104,TMC-018,100,2601,3145,ACTIVE,3/10/2026,seed from tblMoldDesign MoldDesignID=3104,,
3146,TMC018R-MDID-3105,TMC-018R,100,2601,3146,ACTIVE,3/10/2026,seed from tblMoldDesign MoldDesignID=3105,,
3147,TMC85Y?-MDID-3106,TMC-85Y?,100,4336,3147,ACTIVE,3/10/2026,seed from tblMoldDesign MoldDesignID=3106,,
3148,TMD-MDID-3107,TMD,101,2603,3148,ACTIVE,3/10/2026,seed from tblMoldDesign MoldDesignID=3107,,
3149,TMF-MDID-3108,TM-F,244,2604,3149,ACTIVE,3/10/2026,seed from tblMoldDesign MoldDesignID=3108,,
3150,TNG001-MDID-3109,TNG-001,274,2605,3150,ACTIVE,10/20/2014,seed from tblMoldDesign MoldDesignID=3109,,
3151,TNX001-MDID-3110,TNX-001,102,2606,3151,ACTIVE,3/10/2026,seed from tblMoldDesign MoldDesignID=3110,,
3152,TNX002-MDID-3111,TNX-002,102,2957,3152,ACTIVE,3/10/2026,seed from tblMoldDesign MoldDesignID=3111,,
3153,TNX004-MDID-3112,TNX-004,102,2607,3153,ACTIVE,2/22/2016,seed from tblMoldDesign MoldDesignID=3112,,
3154,TNX005-MDID-3113,TNX-005,102,2608,3154,ACTIVE,3/24/2016,seed from tblMoldDesign MoldDesignID=3113,,
3155,TNX006-MDID-3114,TNX-006,102,2609,3155,ACTIVE,3/31/2016,seed from tblMoldDesign MoldDesignID=3114,,
3156,TNX007-MDID-3115,TNX-007,102,2610,3156,ACTIVE,4/22/2016,seed from tblMoldDesign MoldDesignID=3115,,
3157,TNX009-MDID-3116,TNX-009,102,2611,3157,ACTIVE,3/10/2026,seed from tblMoldDesign MoldDesignID=3116,,
3158,TNX012-MDID-3117,TNX-012,102,2612,3158,ACTIVE,3/10/2026,seed from tblMoldDesign MoldDesignID=3117,,
3159,TNX013-MDID-3118,TNX-013,102,2613,3159,ACTIVE,9/23/2016,seed from tblMoldDesign MoldDesignID=3118,,
3160,TNX0133面-MDID-3119,TNX-013 3面,102,2613,3160,ACTIVE,3/10/2026,seed from tblMoldDesign MoldDesignID=3119,,
3161,TNX015-MDID-3120,TNX-015,102,2615,3161,ACTIVE,4/22/2016,seed from tblMoldDesign MoldDesignID=3120,,
3162,TNX016-MDID-3121,TNX-016,102,2616,3162,ACTIVE,5/12/2016,seed from tblMoldDesign MoldDesignID=3121,,
3163,TNX017-MDID-3122,TNX-017,102,2617,3163,ACTIVE,6/8/2016,seed from tblMoldDesign MoldDesignID=3122,,
3164,TNX018-MDID-3123,TNX-018,102,2618,3164,ACTIVE,3/22/2018,seed from tblMoldDesign MoldDesignID=3123,,
3165,TNX019-MDID-3124,TNX-019,102,2619,3165,ACTIVE,5/22/2018,seed from tblMoldDesign MoldDesignID=3124,,
3166,TNX020-MDID-3125,TNX-020,102,2620,3166,ACTIVE,2/14/2018,seed from tblMoldDesign MoldDesignID=3125,,
3167,TNX021-MDID-3126,TNX-021,102,2621,3167,ACTIVE,8/31/2018,seed from tblMoldDesign MoldDesignID=3126,,
3168,TNX023-MDID-3127,TNX-023,102,2622,3168,ACTIVE,10/2/2018,seed from tblMoldDesign MoldDesignID=3127,,
3169,TNX024-MDID-3128,TNX-024,102,2623,3169,ACTIVE,5/12/2021,seed from tblMoldDesign MoldDesignID=3128,,
3170,TOK001-MDID-3129,TOK-001,103,2624,3170,ACTIVE,3/10/2026,seed from tblMoldDesign MoldDesignID=3129,,
3171,TOK002-MDID-3130,TOK-002,103,2625,3171,ACTIVE,12/14/2015,seed from tblMoldDesign MoldDesignID=3130,,
3172,TOK003-MDID-3131,TOK-003,103,2626,3172,ACTIVE,12/14/2015,seed from tblMoldDesign MoldDesignID=3131,,
3173,TOK004-MDID-3132,TOK-004,103,2627,3173,ACTIVE,10/31/2018,seed from tblMoldDesign MoldDesignID=3132,,
3174,TOK005-MDID-3133,TOK-005,103,2628,3174,ACTIVE,3/10/2026,seed from tblMoldDesign MoldDesignID=3133,,
3175,TOK006-MDID-3134,TOK-006,103,2629,3175,ACTIVE,3/10/2026,seed from tblMoldDesign MoldDesignID=3134,,
3176,TOK007-MDID-3135,TOK-007,103,2630,3176,ACTIVE,3/10/2026,seed from tblMoldDesign MoldDesignID=3135,,
3177,TOK008-MDID-3136,TOK-008,103,2631,3177,ACTIVE,3/10/2026,seed from tblMoldDesign MoldDesignID=3136,,
3178,TOK009-MDID-3137,TOK-009,103,2632,3178,ACTIVE,2/21/2023,seed from tblMoldDesign MoldDesignID=3137,,
3179,TOK010?-MDID-3138,TOK-010?,103,2633,3179,ACTIVE,3/10/2026,seed from tblMoldDesign MoldDesignID=3138,,
3180,TOK010-MDID-3139,TOK-010,103,2633,3180,ACTIVE,3/10/2026,seed from tblMoldDesign MoldDesignID=3139,,
3181,TOK011?-MDID-3140,TOK-011?,103,2634,3181,ACTIVE,3/10/2026,seed from tblMoldDesign MoldDesignID=3140,,
3182,TOK011-MDID-3141,TOK-011,103,2634,3182,ACTIVE,3/10/2026,seed from tblMoldDesign MoldDesignID=3141,,
3183,TOK012-MDID-3142,TOK-012,103,2635,3183,ACTIVE,3/10/2026,seed from tblMoldDesign MoldDesignID=3142,,
3184,TOK013-MDID-3143,TOK-013,103,2636,3184,ACTIVE,3/10/2026,seed from tblMoldDesign MoldDesignID=3143,,
3185,TOK014-MDID-3144,TOK-014,103,2637,3185,ACTIVE,3/10/2026,seed from tblMoldDesign MoldDesignID=3144,,
3186,TOK015-MDID-3145,TOK-015,103,2638,3186,ACTIVE,3/10/2026,seed from tblMoldDesign MoldDesignID=3145,,
3187,TOK016-MDID-3146,TOK-016,103,2639,3187,ACTIVE,3/10/2026,seed from tblMoldDesign MoldDesignID=3146,,
3188,TOK017-MDID-3147,TOK-017,103,2640,3188,ACTIVE,3/10/2026,seed from tblMoldDesign MoldDesignID=3147,,
3189,TOK018-MDID-3148,TOK-018,103,2641,3189,ACTIVE,3/10/2026,seed from tblMoldDesign MoldDesignID=3148,,
3190,TOW001-MDID-3149,TOW-001,104,2642,3190,ACTIVE,10/25/2019,seed from tblMoldDesign MoldDesignID=3149,,
3191,TOW002-MDID-3150,TOW-002,104,2643,3191,ACTIVE,4/28/2020,seed from tblMoldDesign MoldDesignID=3150,,
3192,TOW003-MDID-3151,TOW-003,104,2644,3192,ACTIVE,4/30/2020,seed from tblMoldDesign MoldDesignID=3151,,
3193,TP020510-MDID-3152,TP-02-0510,105,2645,3193,ACTIVE,3/10/2026,seed from tblMoldDesign MoldDesignID=3152,,
3194,TPS001-MDID-3153,TPS-001,262,2646,3194,ACTIVE,1/14/2020,seed from tblMoldDesign MoldDesignID=3153,,
3195,TPS002-MDID-3154,TPS-002,262,2647,3195,ACTIVE,9/16/2020,seed from tblMoldDesign MoldDesignID=3154,,
3196,TRT001-MDID-3155,TRT-001,106,2648,3196,ACTIVE,10/20/2014,seed from tblMoldDesign MoldDesignID=3155,,
3197,TSB001-MDID-3156,TSB-001,107,2649,3197,ACTIVE,5/23/2016,seed from tblMoldDesign MoldDesignID=3156,,
3198,TSB002-MDID-3157,TSB-002,107,2650,3198,ACTIVE,7/22/2016,seed from tblMoldDesign MoldDesignID=3157,,
3199,TSB003-MDID-3158,TSB-003,107,2651,3199,ACTIVE,3/10/2026,seed from tblMoldDesign MoldDesignID=3158,,
3200,TSP001-MDID-3159,TSP-001,219,2652,3200,ACTIVE,6/7/2018,seed from tblMoldDesign MoldDesignID=3159,,
3201,TSP003-MDID-3160,TSP-003,219,2653,3201,ACTIVE,7/6/2020,seed from tblMoldDesign MoldDesignID=3160,,
3202,TSP004-MDID-3161,TSP-004,219,2654,3202,ACTIVE,3/10/2026,seed from tblMoldDesign MoldDesignID=3161,,
3203,TSP005-MDID-3162,TSP-005,219,2655,3203,ACTIVE,3/10/2026,seed from tblMoldDesign MoldDesignID=3162,,
3204,TSS001-MDID-3163,TSS-001,220,2656,3204,ACTIVE,10/20/2014,seed from tblMoldDesign MoldDesignID=3163,,
3205,TSS002R-MDID-3164,TSS-002R,220,2657,3205,ACTIVE,9/17/2015,seed from tblMoldDesign MoldDesignID=3164,,
3206,TSS003-MDID-3165,TSS-003,220,2658,3206,ACTIVE,8/20/2015,seed from tblMoldDesign MoldDesignID=3165,,
3207,TSS004-MDID-3166,TSS-004,220,2659,3207,ACTIVE,11/2/2017,seed from tblMoldDesign MoldDesignID=3166,,
3208,TUK001-MDID-3167,TUK-001,221,2660,3208,ACTIVE,3/10/2026,seed from tblMoldDesign MoldDesignID=3167,,
3209,TUK002-MDID-3168,TUK-002,221,2661,3209,ACTIVE,3/10/2026,seed from tblMoldDesign MoldDesignID=3168,,
3210,TWD001-MDID-3169,TWD-001,222,2662,3210,ACTIVE,10/20/2014,seed from tblMoldDesign MoldDesignID=3169,,
3211,TWD002-MDID-3170,TWD-002,222,2663,3211,ACTIVE,10/20/2014,seed from tblMoldDesign MoldDesignID=3170,,
3212,TWG001-MDID-3171,TWG-001,331,4337,3212,ACTIVE,10/20/2014,seed from tblMoldDesign MoldDesignID=3171,,
3213,TYJ001-MDID-3172,TYJ-001,223,2664,3213,ACTIVE,4/13/2021,seed from tblMoldDesign MoldDesignID=3172,,
3214,TYK001-MDID-3173,TYK-001,224,2665,3214,ACTIVE,10/20/2014,seed from tblMoldDesign MoldDesignID=3173,,
3215,TYK002-MDID-3174,TYK-002,224,2666,3215,ACTIVE,10/20/2014,seed from tblMoldDesign MoldDesignID=3174,,
3216,TYK003-MDID-3175,TYK-003,224,2667,3216,ACTIVE,10/20/2014,seed from tblMoldDesign MoldDesignID=3175,,
3217,TYU001-MDID-3176,TYU-001,225,2668,3217,ACTIVE,10/20/2014,seed from tblMoldDesign MoldDesignID=3176,,
3218,UTD001-MDID-3177,UTD-001,303,2669,3218,ACTIVE,3/10/2026,seed from tblMoldDesign MoldDesignID=3177,,
3219,Vプーリー-MDID-3178,Vプーリー,244,2670,3219,ACTIVE,3/10/2026,seed from tblMoldDesign MoldDesignID=3178,,
3220,WBND470x300x38-MDID-3179,WB ND 470x300x38,244,2683,3220,ACTIVE,3/10/2026,seed from tblMoldDesign MoldDesignID=3179,,
3221,WBRv53470x300-MDID-3180,WB Rv53 470x300,244,2671,3221,ACTIVE,3/10/2026,seed from tblMoldDesign MoldDesignID=3180,,
3222,WBZA-MDID-3181,WB ZA,244,2672,3222,ACTIVE,3/10/2026,seed from tblMoldDesign MoldDesignID=3181,,
3223,WB74470x450-MDID-3182,WB74 470x450,244,2673,3223,ACTIVE,3/10/2026,seed from tblMoldDesign MoldDesignID=3182,,
3224,WB74499x347-MDID-3183,WB74 499x347,244,2674,3224,ACTIVE,3/10/2026,seed from tblMoldDesign MoldDesignID=3183,,
3225,WB74500x400x50YMS-MDID-3184,WB74 500x400x50 YMS,244,2675,3225,ACTIVE,3/10/2026,seed from tblMoldDesign MoldDesignID=3184,,
3226,WB74515x347FHJ-MDID-3185,WB74 515x347 FHJ,244,2676,3226,ACTIVE,3/10/2026,seed from tblMoldDesign MoldDesignID=3185,,
3227,WB74530x350-MDID-3186,WB74 530x350,244,2677,3227,ACTIVE,3/10/2026,seed from tblMoldDesign MoldDesignID=3186,,
3228,WB74590x350-MDID-3187,WB74 590x350,244,2678,3228,ACTIVE,3/10/2026,seed from tblMoldDesign MoldDesignID=3187,,
3229,WB74590x350H65-MDID-3188,WB74 590x350 H65,244,2681,3229,ACTIVE,3/10/2026,seed from tblMoldDesign MoldDesignID=3188,,
3230,WB74590x400H60SMK-MDID-3189,WB74 590x400 H60 SMK,244,2679,3230,ACTIVE,3/10/2026,seed from tblMoldDesign MoldDesignID=3189,,
3231,WB74ND470x300-MDID-3190,WB74 ND 470x300,244,2682,3231,ACTIVE,3/10/2026,seed from tblMoldDesign MoldDesignID=3190,,
3232,WB74UPPER620x250-MDID-3191,WB74 UPPER - 620x250,244,2680,3232,ACTIVE,3/10/2026,seed from tblMoldDesign MoldDesignID=3191,,
3233,WDS001-MDID-3192,WDS-001,226,2684,3233,ACTIVE,10/20/2014,seed from tblMoldDesign MoldDesignID=3192,,
3234,WKE001-MDID-3193,WKE-001,227,2685,3234,ACTIVE,10/20/2014,seed from tblMoldDesign MoldDesignID=3193,,
3235,WKE002-MDID-3194,WKE-002,227,2686,3235,ACTIVE,5/25/2020,seed from tblMoldDesign MoldDesignID=3194,,
3236,WKE003-MDID-3195,WKE-003,227,2687,3236,ACTIVE,5/25/2020,seed from tblMoldDesign MoldDesignID=3195,,
3237,WKS001-MDID-3196,WKS-001,228,2688,3237,ACTIVE,3/10/2026,seed from tblMoldDesign MoldDesignID=3196,,
3238,WTN001-MDID-3197,WTN-001,229,2689,3238,ACTIVE,11/7/2019,seed from tblMoldDesign MoldDesignID=3197,,
3239,WTN002-MDID-3198,WTN-002,229,2690,3239,ACTIVE,11/13/2019,seed from tblMoldDesign MoldDesignID=3198,,
3240,WTN003-MDID-3199,WTN-003,229,2691,3240,ACTIVE,11/12/2019,seed from tblMoldDesign MoldDesignID=3199,,
3241,WTN004-MDID-3200,WTN-004,229,2692,3241,ACTIVE,11/12/2019,seed from tblMoldDesign MoldDesignID=3200,,
3242,WTN005-MDID-3201,WTN-005,229,2693,3242,ACTIVE,3/10/2026,seed from tblMoldDesign MoldDesignID=3201,,
3243,WTN006-MDID-3202,WTN-006,229,2694,3243,ACTIVE,3/10/2026,seed from tblMoldDesign MoldDesignID=3202,,
3244,WTN006R1-MDID-3203,WTN-006 R1,229,2694,3244,ACTIVE,3/10/2026,seed from tblMoldDesign MoldDesignID=3203,,
3245,WTN006R2-MDID-3204,WTN-006 R2,229,2694,3245,ACTIVE,3/10/2026,seed from tblMoldDesign MoldDesignID=3204,,
3246,WTN006R2-MDID-3205,WTN-006R2,229,2694,3246,ACTIVE,3/10/2026,seed from tblMoldDesign MoldDesignID=3205,,
3247,WTN007?-MDID-3206,WTN-007?,229,2696,3247,ACTIVE,3/10/2026,seed from tblMoldDesign MoldDesignID=3206,,
3248,WTN007-MDID-3207,WTN-007,229,2696,3248,ACTIVE,3/10/2026,seed from tblMoldDesign MoldDesignID=3207,,
3249,WTN008?-MDID-3208,WTN-008?,229,2697,3249,ACTIVE,3/10/2026,seed from tblMoldDesign MoldDesignID=3208,,
3250,WTN008D-MDID-3209,WTN-008D,229,2697,3250,ACTIVE,3/10/2026,seed from tblMoldDesign MoldDesignID=3209,,
3251,WTN008-MDID-3210,WTN-008,229,2697,3251,ACTIVE,3/10/2026,seed from tblMoldDesign MoldDesignID=3210,,
3252,WTN009R1-MDID-3211,WTN-009 R1,229,2698,3252,ACTIVE,3/10/2026,seed from tblMoldDesign MoldDesignID=3211,,
3253,WTN009DR1-MDID-3212,WTN-009D R1,229,2698,3253,ACTIVE,3/10/2026,seed from tblMoldDesign MoldDesignID=3212,,
3254,YCM001-MDID-3213,YCM-001,230,2699,3254,ACTIVE,10/20/2014,seed from tblMoldDesign MoldDesignID=3213,,
3255,YCM009-MDID-3214,YCM-009,230,2700,3255,ACTIVE,10/20/2014,seed from tblMoldDesign MoldDesignID=3214,,
3256,YCM015-MDID-3215,YCM-015,230,2701,3256,ACTIVE,10/20/2014,seed from tblMoldDesign MoldDesignID=3215,,
3257,YCM016-MDID-3216,YCM-016,230,2702,3257,ACTIVE,10/20/2014,seed from tblMoldDesign MoldDesignID=3216,,
3258,YCM017-MDID-3217,YCM-017,230,4338,3258,ACTIVE,10/20/2014,seed from tblMoldDesign MoldDesignID=3217,,
3259,YCM019-MDID-3218,YCM-019,230,2703,3259,ACTIVE,10/20/2014,seed from tblMoldDesign MoldDesignID=3218,,
3260,YCM023-MDID-3219,YCM-023,230,2704,3260,ACTIVE,10/20/2014,seed from tblMoldDesign MoldDesignID=3219,,
3261,YCM024-MDID-3220,YCM-024,230,2705,3261,ACTIVE,10/20/2014,seed from tblMoldDesign MoldDesignID=3220,,
3262,YCM025-MDID-3221,YCM-025,230,4339,3262,ACTIVE,10/20/2014,seed from tblMoldDesign MoldDesignID=3221,,
3263,YCM026-MDID-3222,YCM-026,230,2706,3263,ACTIVE,10/20/2014,seed from tblMoldDesign MoldDesignID=3222,,
3264,YCM027-MDID-3223,YCM-027,230,2707,3264,ACTIVE,10/20/2014,seed from tblMoldDesign MoldDesignID=3223,,
3265,YCM028-MDID-3224,YCM-028,230,2708,3265,ACTIVE,10/20/2014,seed from tblMoldDesign MoldDesignID=3224,,
3266,YCM029-MDID-3225,YCM-029,230,2709,3266,ACTIVE,10/20/2014,seed from tblMoldDesign MoldDesignID=3225,,
3267,YCM031-MDID-3226,YCM-031,230,2710,3267,ACTIVE,5/12/2015,seed from tblMoldDesign MoldDesignID=3226,,
3268,YCM032-MDID-3227,YCM-032,230,2711,3268,ACTIVE,5/21/2015,seed from tblMoldDesign MoldDesignID=3227,,
3269,YCM033-MDID-3228,YCM-033,230,2712,3269,ACTIVE,7/23/2015,seed from tblMoldDesign MoldDesignID=3228,,
3270,YCM034-MDID-3229,YCM-034,230,2713,3270,ACTIVE,9/11/2015,seed from tblMoldDesign MoldDesignID=3229,,
3271,YCM035-MDID-3230,YCM-035,230,2714,3271,ACTIVE,10/30/2015,seed from tblMoldDesign MoldDesignID=3230,,
3272,YCM036D-MDID-3231,YCM-036D,230,2715,3272,ACTIVE,3/16/2016,seed from tblMoldDesign MoldDesignID=3231,,
3273,YCM038-MDID-3232,YCM-038,230,2716,3273,ACTIVE,12/8/2016,seed from tblMoldDesign MoldDesignID=3232,,
3274,YCM038B-MDID-3233,YCM-038B,230,2716,3274,ACTIVE,3/10/2026,seed from tblMoldDesign MoldDesignID=3233,,
3275,YCM039-MDID-3234,YCM-039,230,2717,3275,ACTIVE,12/15/2016,seed from tblMoldDesign MoldDesignID=3234,,
3276,YCM040-MDID-3235,YCM-040,230,2718,3276,ACTIVE,3/14/2018,seed from tblMoldDesign MoldDesignID=3235,,
3277,YCM041-MDID-3236,YCM-041,230,2719,3277,ACTIVE,11/16/2017,seed from tblMoldDesign MoldDesignID=3236,,
3278,YCM042-MDID-3237,YCM-042,230,2720,3278,ACTIVE,2/21/2018,seed from tblMoldDesign MoldDesignID=3237,,
3279,YCM043-MDID-3238,YCM-043,230,2721,3279,ACTIVE,3/26/2018,seed from tblMoldDesign MoldDesignID=3238,,
3280,YCM044-MDID-3239,YCM-044,230,2722,3280,ACTIVE,9/13/2018,seed from tblMoldDesign MoldDesignID=3239,,
3281,YCM045-MDID-3240,YCM-045,230,2723,3281,ACTIVE,11/1/2018,seed from tblMoldDesign MoldDesignID=3240,,
3282,YCM046-MDID-3241,YCM-046,230,2724,3282,ACTIVE,1/15/2019,seed from tblMoldDesign MoldDesignID=3241,,
3283,YCM047-MDID-3242,YCM-047,230,4341,3283,ACTIVE,3/29/2019,seed from tblMoldDesign MoldDesignID=3242,,
3284,YCM050-MDID-3243,YCM-050,230,2725,3284,ACTIVE,7/24/2019,seed from tblMoldDesign MoldDesignID=3243,,
3285,YCM051-MDID-3244,YCM-051,230,2726,3285,ACTIVE,11/5/2019,seed from tblMoldDesign MoldDesignID=3244,,
3286,YCM053-MDID-3245,YCM-053,230,2727,3286,ACTIVE,11/8/2019,seed from tblMoldDesign MoldDesignID=3245,,
3287,YCM054-MDID-3246,YCM-054,230,2728,3287,ACTIVE,11/8/2019,seed from tblMoldDesign MoldDesignID=3246,,
3288,YCM055-MDID-3247,YCM-055,230,2729,3288,ACTIVE,11/18/2019,seed from tblMoldDesign MoldDesignID=3247,,
3289,YCM056-MDID-3248,YCM-056,230,2730,3289,ACTIVE,11/26/2019,seed from tblMoldDesign MoldDesignID=3248,,
3290,YCM057-MDID-3249,YCM-057,230,4342,3290,ACTIVE,5/11/2020,seed from tblMoldDesign MoldDesignID=3249,,
3291,YCM058-MDID-3250,YCM-058,230,4343,3291,ACTIVE,5/11/2020,seed from tblMoldDesign MoldDesignID=3250,,
3292,YCM059-MDID-3251,YCM-059,230,2731,3292,ACTIVE,12/15/2020,seed from tblMoldDesign MoldDesignID=3251,,
3293,YCM060-MDID-3252,YCM-060,230,2732,3293,ACTIVE,3/18/2021,seed from tblMoldDesign MoldDesignID=3252,,
3294,YCM061-MDID-3253,YCM-061,230,2733,3294,ACTIVE,3/18/2021,seed from tblMoldDesign MoldDesignID=3253,,
3295,YCM064-MDID-3254,YCM-064,230,2734,3295,ACTIVE,7/12/2021,seed from tblMoldDesign MoldDesignID=3254,,
3296,YCM065-MDID-3255,YCM-065,230,2735,3296,ACTIVE,8/18/2021,seed from tblMoldDesign MoldDesignID=3255,,
3297,YCM066-MDID-3256,YCM-066,230,2736,3297,ACTIVE,7/24/2021,seed from tblMoldDesign MoldDesignID=3256,,
3298,YCM068-MDID-3257,YCM-068,230,2737,3298,ACTIVE,3/10/2026,seed from tblMoldDesign MoldDesignID=3257,,
3299,YCM069-MDID-3258,YCM-069,230,2738,3299,ACTIVE,3/10/2026,seed from tblMoldDesign MoldDesignID=3258,,
3300,YCM069R1-MDID-3259,YCM-069 R1,230,2738,3300,ACTIVE,3/10/2026,seed from tblMoldDesign MoldDesignID=3259,,
3301,YCM070?-MDID-3260,YCM-070?,230,2739,3301,ACTIVE,3/10/2026,seed from tblMoldDesign MoldDesignID=3260,,
3302,YCM070DR1-MDID-3261,YCM-070D R1,230,2739,3302,ACTIVE,3/10/2026,seed from tblMoldDesign MoldDesignID=3261,,
3303,YCM070-MDID-3262,YCM-070,230,2739,3303,ACTIVE,3/10/2026,seed from tblMoldDesign MoldDesignID=3262,,
3304,YCM071D-MDID-3264,YCM-071D,230,2740,3304,ACTIVE,3/10/2026,seed from tblMoldDesign MoldDesignID=3264,,
3305,YCM071-MDID-3265,YCM-071,230,2740,3305,ACTIVE,3/10/2026,seed from tblMoldDesign MoldDesignID=3265,,
3306,YCM072D-MDID-3266,YCM-072D,230,2741,3306,ACTIVE,3/10/2026,seed from tblMoldDesign MoldDesignID=3266,,
3307,YCM072-MDID-3267,YCM-072,230,2741,3307,ACTIVE,3/10/2026,seed from tblMoldDesign MoldDesignID=3267,,
3308,YCM073-MDID-3268,YCM-073,230,2742,3308,ACTIVE,3/10/2026,seed from tblMoldDesign MoldDesignID=3268,,
3309,YCM073D-MDID-3269,YCM-073D,230,2742,3309,ACTIVE,3/10/2026,seed from tblMoldDesign MoldDesignID=3269,,
3310,YCM074D-MDID-3270,YCM-074D,230,2743,3310,ACTIVE,3/10/2026,seed from tblMoldDesign MoldDesignID=3270,,
3311,YCM075DR1-MDID-3271,YCM-075D R1,230,2744,3311,ACTIVE,3/10/2026,seed from tblMoldDesign MoldDesignID=3271,,
3312,YES001-MDID-3272,YES-001,231,2745,3312,ACTIVE,3/10/2026,seed from tblMoldDesign MoldDesignID=3272,,
3313,YES002-MDID-3273,YES-002,231,2746,3313,ACTIVE,10/20/2014,seed from tblMoldDesign MoldDesignID=3273,,
3314,YES003-MDID-3274,YES-003,231,2747,3314,ACTIVE,11/29/2017,seed from tblMoldDesign MoldDesignID=3274,,
3315,YES004-MDID-3275,YES-004,231,2748,3315,ACTIVE,3/10/2026,seed from tblMoldDesign MoldDesignID=3275,,
3316,YFG001-MDID-3276,YFG-001,232,2749,3316,ACTIVE,3/10/2026,seed from tblMoldDesign MoldDesignID=3276,,
3317,YGE001-MDID-3277,YGE-001,254,2750,3317,ACTIVE,3/10/2026,seed from tblMoldDesign MoldDesignID=3277,,
3318,YGE002-MDID-3278,YGE-002,254,2963,3318,ACTIVE,9/2/2024,seed from tblMoldDesign MoldDesignID=3278,,
3319,YHM001-MDID-3279,YHM-001,233,2751,3319,ACTIVE,6/21/2018,seed from tblMoldDesign MoldDesignID=3279,,
3320,YK001-MDID-3280,YK-001,234,2752,3320,ACTIVE,10/20/2014,seed from tblMoldDesign MoldDesignID=3280,,
3321,YKS001-MDID-3281,YKS-001,235,2753,3321,ACTIVE,3/10/2026,seed from tblMoldDesign MoldDesignID=3281,,
3322,YKS002-MDID-3282,YKS-002,235,2754,3322,ACTIVE,3/10/2026,seed from tblMoldDesign MoldDesignID=3282,,
3323,YKS003-MDID-3283,YKS-003,235,2755,3323,ACTIVE,3/10/2026,seed from tblMoldDesign MoldDesignID=3283,,
3324,YKW001-MDID-3284,YKW-001,236,2756,3324,ACTIVE,10/20/2014,seed from tblMoldDesign MoldDesignID=3284,,
3325,YKW002-MDID-3285,YKW-002,236,2757,3325,ACTIVE,12/19/2018,seed from tblMoldDesign MoldDesignID=3285,,
3326,YKW003-MDID-3286,YKW-003,236,2758,3326,ACTIVE,12/20/2018,seed from tblMoldDesign MoldDesignID=3286,,
3327,YKW004-MDID-3287,YKW-004,236,2759,3327,ACTIVE,11/13/2018,seed from tblMoldDesign MoldDesignID=3287,,
3328,YKW005-MDID-3288,YKW-005,236,2760,3328,ACTIVE,3/10/2026,seed from tblMoldDesign MoldDesignID=3288,,
3329,YKW006-MDID-3289,YKW-006,236,2761,3329,ACTIVE,12/4/2019,seed from tblMoldDesign MoldDesignID=3289,,
3330,YKW007-MDID-3290,YKW-007,236,4344,3330,ACTIVE,3/10/2026,seed from tblMoldDesign MoldDesignID=3290,,
3331,YKW008?-MDID-3291,YKW-008?,236,2762,3331,ACTIVE,3/10/2026,seed from tblMoldDesign MoldDesignID=3291,,
3332,YKW008-MDID-3292,YKW-008,236,2762,3332,ACTIVE,3/10/2026,seed from tblMoldDesign MoldDesignID=3292,,
3333,YMK001-MDID-3293,YMK-001,324,2763,3333,ACTIVE,5/14/2018,seed from tblMoldDesign MoldDesignID=3293,,
3334,YMS001-MDID-3294,YMS-001,237,2764,3334,ACTIVE,3/10/2026,seed from tblMoldDesign MoldDesignID=3294,,
3335,YMS0014P?-MDID-3295,YMS-001 4P?,237,2764,3335,ACTIVE,3/10/2026,seed from tblMoldDesign MoldDesignID=3295,,
3336,YMS001DR1-MDID-3296,YMS-001D R1,237,2764,3336,ACTIVE,3/10/2026,seed from tblMoldDesign MoldDesignID=3296,,
3337,YMS001DR2-MDID-3297,YMS-001D R2,237,2764,3337,ACTIVE,3/10/2026,seed from tblMoldDesign MoldDesignID=3297,,
3338,YMS0014P-MDID-3298,YMS-001 4P,237,2764,3338,ACTIVE,3/10/2026,seed from tblMoldDesign MoldDesignID=3298,,
3339,YMS001R2-MDID-3299,YMS-001 R2,237,2764,3339,ACTIVE,3/10/2026,seed from tblMoldDesign MoldDesignID=3299,,
3340,YMS002-MDID-3300,YMS-002,237,2766,3340,ACTIVE,3/10/2026,seed from tblMoldDesign MoldDesignID=3300,,
3341,YMS002A/BVN-MDID-3301,YMS-002 A/B VN,237,2766,3341,ACTIVE,3/10/2026,seed from tblMoldDesign MoldDesignID=3301,,
3342,YMS002DR2VN-MDID-3302,YMS-002D R2 VN,237,2766,3342,ACTIVE,3/10/2026,seed from tblMoldDesign MoldDesignID=3302,,
3343,YMS002DVN-MDID-3303,YMS-002D VN,237,2766,3343,ACTIVE,3/10/2026,seed from tblMoldDesign MoldDesignID=3303,,
3344,YMS004-MDID-3304,YMS-004,237,4345,3344,ACTIVE,3/10/2026,seed from tblMoldDesign MoldDesignID=3304,,
3345,YMS005-MDID-3305,YMS-005,237,4346,3345,ACTIVE,3/10/2026,seed from tblMoldDesign MoldDesignID=3305,,
3346,YMS069-MDID-3306,YMS-069,237,2767,3346,ACTIVE,3/10/2026,seed from tblMoldDesign MoldDesignID=3306,,
3347,YMT001-MDID-3307,YMT-001,238,2768,3347,ACTIVE,10/20/2014,seed from tblMoldDesign MoldDesignID=3307,,
3348,YMT002-MDID-3308,YMT-002,238,2769,3348,ACTIVE,10/20/2014,seed from tblMoldDesign MoldDesignID=3308,,
3349,YMT003-MDID-3309,YMT-003,238,2770,3349,ACTIVE,10/20/2014,seed from tblMoldDesign MoldDesignID=3309,,
3350,YMT004-MDID-3310,YMT-004,238,2771,3350,ACTIVE,10/20/2014,seed from tblMoldDesign MoldDesignID=3310,,
3351,YMT005-MDID-3311,YMT-005,238,2772,3351,ACTIVE,10/20/2014,seed from tblMoldDesign MoldDesignID=3311,,
3352,YMT006-MDID-3312,YMT-006,238,2773,3352,ACTIVE,3/10/2026,seed from tblMoldDesign MoldDesignID=3312,,
3353,YMT007-MDID-3313,YMT-007,238,2774,3353,ACTIVE,10/20/2014,seed from tblMoldDesign MoldDesignID=3313,,
3354,YMT008-MDID-3314,YMT-008,238,2775,3354,ACTIVE,1/13/2015,seed from tblMoldDesign MoldDesignID=3314,,
3355,YMT010-MDID-3315,YMT-010,238,2776,3355,ACTIVE,3/10/2026,seed from tblMoldDesign MoldDesignID=3315,,
3356,YNK007-MDID-3316,YNK-007,260,2777,3356,ACTIVE,3/10/2026,seed from tblMoldDesign MoldDesignID=3316,,
3357,YOK001-MDID-3317,YOK-001,239,2778,3357,ACTIVE,10/20/2014,seed from tblMoldDesign MoldDesignID=3317,,
3358,YOK002-MDID-3318,YOK-002,239,4347,3358,ACTIVE,2/9/2016,seed from tblMoldDesign MoldDesignID=3318,,
3359,YOK003-MDID-3319,YOK-003,239,2779,3359,ACTIVE,4/23/2018,seed from tblMoldDesign MoldDesignID=3319,,
3360,YOK004-MDID-3320,YOK-004,239,2780,3360,ACTIVE,11/9/2022,seed from tblMoldDesign MoldDesignID=3320,,
3361,YPC002-MDID-3321,YPC-002,240,2956,3361,ACTIVE,3/10/2026,seed from tblMoldDesign MoldDesignID=3321,,
3362,YPC003-MDID-3322,YPC-003,240,2781,3362,ACTIVE,3/10/2026,seed from tblMoldDesign MoldDesignID=3322,,
3363,YPC006-MDID-3323,YPC-006,240,2782,3363,ACTIVE,3/10/2026,seed from tblMoldDesign MoldDesignID=3323,,
3364,YPC007-MDID-3324,YPC-007,240,2783,3364,ACTIVE,3/10/2026,seed from tblMoldDesign MoldDesignID=3324,,
3365,YPK-MDID-3325,YPK,339,4376,3365,ACTIVE,3/10/2026,seed from tblMoldDesign MoldDesignID=3325,,
3366,YSD-MDID-3326,YSD,108,2784,3366,ACTIVE,10/20/2014,seed from tblMoldDesign MoldDesignID=3326,,
3367,YSD001-MDID-3327,YSD-001,108,2785,3367,ACTIVE,3/10/2026,seed from tblMoldDesign MoldDesignID=3327,,
3368,YSDA0101-MDID-3328,YSD-A-010-1,108,2786,3368,ACTIVE,3/10/2026,seed from tblMoldDesign MoldDesignID=3328,,
3369,YSDA0121-MDID-3329,YSD-A-012-1,108,2787,3369,ACTIVE,3/10/2026,seed from tblMoldDesign MoldDesignID=3329,,
3370,YSDA0122-MDID-3330,YSD-A-012-2,108,2788,3370,ACTIVE,3/10/2026,seed from tblMoldDesign MoldDesignID=3330,,
3371,YSDA0141-MDID-3331,YSD-A-014-1,108,2789,3371,ACTIVE,3/10/2026,seed from tblMoldDesign MoldDesignID=3331,,
3372,YSDA0151-MDID-3332,YSD-A-015-1,108,2790,3372,ACTIVE,3/10/2026,seed from tblMoldDesign MoldDesignID=3332,,
3373,YSDA0161-MDID-3333,YSD-A-016-1,108,2791,3373,ACTIVE,3/10/2026,seed from tblMoldDesign MoldDesignID=3333,,
3374,YSDA0181-MDID-3334,YSD-A-018-1,108,2792,3374,ACTIVE,3/10/2026,seed from tblMoldDesign MoldDesignID=3334,,
3375,YSDA0202-MDID-3335,YSD-A-020-2,108,2793,3375,ACTIVE,3/10/2026,seed from tblMoldDesign MoldDesignID=3335,,
3376,YSDA0241-MDID-3336,YSD-A-024-1,108,2794,3376,ACTIVE,3/10/2026,seed from tblMoldDesign MoldDesignID=3336,,
3377,YSDA0251-MDID-3337,YSD-A-025-1,108,2795,3377,ACTIVE,3/10/2026,seed from tblMoldDesign MoldDesignID=3337,,
3378,YSDA0281-MDID-3338,YSD-A-028-1,108,2796,3378,ACTIVE,3/10/2026,seed from tblMoldDesign MoldDesignID=3338,,
3379,YSDA0301-MDID-3339,YSD-A-030-1,108,2797,3379,ACTIVE,3/10/2026,seed from tblMoldDesign MoldDesignID=3339,,
3380,YSDA0321-MDID-3340,YSD-A-032-1,108,2798,3380,ACTIVE,3/10/2026,seed from tblMoldDesign MoldDesignID=3340,,
3381,YSDA0351-MDID-3341,YSD-A-035-1,108,73,3381,ACTIVE,3/10/2026,seed from tblMoldDesign MoldDesignID=3341,,
3382,YSDA0361-MDID-3342,YSD-A-036-1,108,2799,3382,ACTIVE,3/10/2026,seed from tblMoldDesign MoldDesignID=3342,,
3383,YSDA0401-MDID-3343,YSD-A-040-1,108,2800,3383,ACTIVE,3/10/2026,seed from tblMoldDesign MoldDesignID=3343,,
3384,YSDA0451-MDID-3344,YSD-A-045-1,108,2801,3384,ACTIVE,3/10/2026,seed from tblMoldDesign MoldDesignID=3344,,
3385,YSDA0601-MDID-3345,YSD-A-060-1,108,2802,3385,ACTIVE,3/10/2026,seed from tblMoldDesign MoldDesignID=3345,,
3386,YSDA0751-MDID-3346,YSD-A-075-1,108,2803,3386,ACTIVE,3/10/2026,seed from tblMoldDesign MoldDesignID=3346,,
3387,YSDA0752-MDID-3347,YSD-A-075-2,108,74,3387,ACTIVE,3/10/2026,seed from tblMoldDesign MoldDesignID=3347,,
3388,YSDA0752(PP)-MDID-3348,YSD-A-075-2 (PP),108,74,3388,ACTIVE,3/10/2026,seed from tblMoldDesign MoldDesignID=3348,,
3389,YSDA1201-MDID-3349,YSD-A-120-1,108,2805,3389,ACTIVE,3/10/2026,seed from tblMoldDesign MoldDesignID=3349,,
3390,YSDC01501-MDID-3350,YSD-C-015-01,108,249,3390,ACTIVE,3/10/2026,seed from tblMoldDesign MoldDesignID=3350,,
3391,YSDC501-MDID-3351,YSD-C-50-1,108,2806,3391,ACTIVE,3/10/2026,seed from tblMoldDesign MoldDesignID=3351,,
3392,YSDD0201-MDID-3352,YSD-D-020-1,108,2807,3392,ACTIVE,3/10/2026,seed from tblMoldDesign MoldDesignID=3352,,
3393,YSDD0251-MDID-3353,YSD-D-025-1,108,2808,3393,ACTIVE,3/10/2026,seed from tblMoldDesign MoldDesignID=3353,,
3394,YSDD0301-MDID-3354,YSD-D-030-1,108,2809,3394,ACTIVE,3/10/2026,seed from tblMoldDesign MoldDesignID=3354,,
3395,YSDD0401-MDID-3355,YSD-D-040-1,108,2810,3395,ACTIVE,3/10/2026,seed from tblMoldDesign MoldDesignID=3355,,
3396,YSDD0501-MDID-3356,YSD-D-050-1,108,2811,3396,ACTIVE,3/10/2026,seed from tblMoldDesign MoldDesignID=3356,,
3397,YSDD1001-MDID-3357,YSD-D-100-1,108,2812,3397,ACTIVE,3/10/2026,seed from tblMoldDesign MoldDesignID=3357,,
3398,YSDD1002-MDID-3358,YSD-D-100-2,108,2813,3398,ACTIVE,3/10/2026,seed from tblMoldDesign MoldDesignID=3358,,
3399,YSDE0351-MDID-3359,YSD-E-035-1,108,424,3399,ACTIVE,3/10/2026,seed from tblMoldDesign MoldDesignID=3359,,
3400,YSDE1001-MDID-3360,YSD-E-100-1,108,425,3400,ACTIVE,3/10/2026,seed from tblMoldDesign MoldDesignID=3360,,
3401,YSDF0151-MDID-3361,YSD-F-015-1,108,2814,3401,ACTIVE,3/10/2026,seed from tblMoldDesign MoldDesignID=3361,,
3402,YSDF0251-MDID-3362,YSD-F-025-1,108,2815,3402,ACTIVE,3/10/2026,seed from tblMoldDesign MoldDesignID=3362,,
3403,YSDF0301-MDID-3363,YSD-F-030-1,108,2816,3403,ACTIVE,3/10/2026,seed from tblMoldDesign MoldDesignID=3363,,
3404,YSDF0401-MDID-3364,YSD-F-040-1,108,2817,3404,ACTIVE,3/10/2026,seed from tblMoldDesign MoldDesignID=3364,,
3405,YSDF0451-MDID-3365,YSD-F-045-1,108,2818,3405,ACTIVE,3/10/2026,seed from tblMoldDesign MoldDesignID=3365,,
3406,YSDF0501-MDID-3366,YSD-F-050-1,108,2819,3406,ACTIVE,3/10/2026,seed from tblMoldDesign MoldDesignID=3366,,
3407,YSDF0801-MDID-3367,YSD-F-080-1,108,2820,3407,ACTIVE,3/10/2026,seed from tblMoldDesign MoldDesignID=3367,,
3408,YSDF1001-MDID-3368,YSD-F-100-1,108,2821,3408,ACTIVE,3/10/2026,seed from tblMoldDesign MoldDesignID=3368,,
3409,YSDF1201-MDID-3369,YSD-F-120-1,108,2822,3409,ACTIVE,3/10/2026,seed from tblMoldDesign MoldDesignID=3369,,
3410,YSDF1501-MDID-3370,YSD-F-150-1,108,2823,3410,ACTIVE,3/10/2026,seed from tblMoldDesign MoldDesignID=3370,,
3411,YSDF2001-MDID-3371,YSD-F-200-1,108,2824,3411,ACTIVE,3/10/2026,seed from tblMoldDesign MoldDesignID=3371,,
3412,YSDF2002B-MDID-3372,YSD-F-200-2B,108,2825,3412,ACTIVE,3/10/2026,seed from tblMoldDesign MoldDesignID=3372,,
3413,YSDG0101-MDID-3373,YSD-G-010-1,108,2826,3413,ACTIVE,10/20/2014,seed from tblMoldDesign MoldDesignID=3373,,
3414,YSDG0201-MDID-3374,YSD-G-020-1,108,2827,3414,ACTIVE,3/10/2026,seed from tblMoldDesign MoldDesignID=3374,,
3415,YSDG0203-MDID-3375,YSD-G-020-3,108,2828,3415,ACTIVE,10/20/2014,seed from tblMoldDesign MoldDesignID=3375,,
3416,YSDG0252-MDID-3376,YSD-G-025-2,108,2829,3416,ACTIVE,10/20/2014,seed from tblMoldDesign MoldDesignID=3376,,
3417,YSDG0301-MDID-3377,YSD-G-030-1,108,2830,3417,ACTIVE,10/20/2014,seed from tblMoldDesign MoldDesignID=3377,,
3418,YSDG0302-MDID-3378,YSD-G-030-2,108,2831,3418,ACTIVE,3/10/2026,seed from tblMoldDesign MoldDesignID=3378,,
3419,YSDG0351-MDID-3379,YSD-G-035-1,108,2832,3419,ACTIVE,3/10/2026,seed from tblMoldDesign MoldDesignID=3379,,
3420,YSDG0352-MDID-3380,YSD-G-035-2,108,2833,3420,ACTIVE,3/10/2026,seed from tblMoldDesign MoldDesignID=3380,,
3421,YSDG0401-MDID-3381,YSD-G-040-1,108,2834,3421,ACTIVE,3/10/2026,seed from tblMoldDesign MoldDesignID=3381,,
3422,YSDG0402-MDID-3382,YSD-G-040-2,108,2835,3422,ACTIVE,3/10/2026,seed from tblMoldDesign MoldDesignID=3382,,
3423,YSDG0501-MDID-3383,YSD-G-050-1,108,2836,3423,ACTIVE,3/10/2026,seed from tblMoldDesign MoldDesignID=3383,,
3424,YSDG0502-MDID-3384,YSD-G-050-2,108,2837,3424,ACTIVE,3/10/2026,seed from tblMoldDesign MoldDesignID=3384,,
3425,YSDG0503-MDID-3385,YSD-G-050-3,108,2838,3425,ACTIVE,10/20/2014,seed from tblMoldDesign MoldDesignID=3385,,
3426,YSDG0601-MDID-3386,YSD-G-060-1,108,2839,3426,ACTIVE,3/10/2026,seed from tblMoldDesign MoldDesignID=3386,,
3427,YSDG0602-MDID-3387,YSD-G-060-2,108,2840,3427,ACTIVE,10/20/2014,seed from tblMoldDesign MoldDesignID=3387,,
3428,YSDG0701-MDID-3388,YSD-G-070-1,108,2841,3428,ACTIVE,3/10/2026,seed from tblMoldDesign MoldDesignID=3388,,
3429,YSDG0801-MDID-3389,YSD-G-080-1,108,2842,3429,ACTIVE,10/20/2014,seed from tblMoldDesign MoldDesignID=3389,,
3430,YSDG1001-MDID-3390,YSD-G-100-1,108,512,3430,ACTIVE,3/10/2026,seed from tblMoldDesign MoldDesignID=3390,,
3431,YSDG1301-MDID-3391,YSD-G-130-1,108,2843,3431,ACTIVE,3/10/2026,seed from tblMoldDesign MoldDesignID=3391,,
3432,YSDH0041-MDID-3392,YSD-H-004-1,108,533,3432,ACTIVE,10/20/2014,seed from tblMoldDesign MoldDesignID=3392,,
3433,YSDH0051-MDID-3393,YSD-H-005-1,108,534,3433,ACTIVE,10/20/2014,seed from tblMoldDesign MoldDesignID=3393,,
3434,YSDH0101-MDID-3394,YSD-H-010-1,108,535,3434,ACTIVE,10/20/2014,seed from tblMoldDesign MoldDesignID=3394,,
3435,YSDH0102-MDID-3395,YSD-H-010-2,108,536,3435,ACTIVE,10/20/2014,seed from tblMoldDesign MoldDesignID=3395,,
3436,YSDH0151-MDID-3396,YSD-H-015-1,108,537,3436,ACTIVE,10/20/2014,seed from tblMoldDesign MoldDesignID=3396,,
3437,YSDH0152-MDID-3397,YSD-H-015-2,108,538,3437,ACTIVE,10/20/2014,seed from tblMoldDesign MoldDesignID=3397,,
3438,YSDH0201-MDID-3398,YSD-H-020-1,108,539,3438,ACTIVE,10/20/2014,seed from tblMoldDesign MoldDesignID=3398,,
3439,YSDH0202-MDID-3399,YSD-H-020-2,108,540,3439,ACTIVE,10/20/2014,seed from tblMoldDesign MoldDesignID=3399,,
3440,YSDH0251-MDID-3400,YSD-H-025-1,108,541,3440,ACTIVE,10/20/2014,seed from tblMoldDesign MoldDesignID=3400,,
3441,YSDH0301-MDID-3401,YSD-H-030-1,108,542,3441,ACTIVE,10/20/2014,seed from tblMoldDesign MoldDesignID=3401,,
3442,YSDH0302-MDID-3402,YSD-H-030-2,108,543,3442,ACTIVE,10/20/2014,seed from tblMoldDesign MoldDesignID=3402,,
3443,YSDH0401-MDID-3403,YSD-H-040-1,108,544,3443,ACTIVE,10/20/2014,seed from tblMoldDesign MoldDesignID=3403,,
3444,YSDH0402-MDID-3404,YSD-H-040-2,108,545,3444,ACTIVE,10/20/2014,seed from tblMoldDesign MoldDesignID=3404,,
3445,YSDH0501-MDID-3405,YSD-H-050-1,108,546,3445,ACTIVE,10/20/2014,seed from tblMoldDesign MoldDesignID=3405,,
3446,YSDZ0131-MDID-3406,YSD-Z-013-1,108,2844,3446,ACTIVE,3/10/2026,seed from tblMoldDesign MoldDesignID=3406,,
3447,YSDZ0151-MDID-3407,YSD-Z-015-1,108,4348,3447,ACTIVE,3/10/2026,seed from tblMoldDesign MoldDesignID=3407,,
3448,YSDZ0201?-MDID-3408,YSD-Z-020-1?,108,2852,3448,ACTIVE,3/10/2026,seed from tblMoldDesign MoldDesignID=3408,,
3449,YSDZ0201D-MDID-3409,YSD-Z-020-1D,108,2921,3449,ACTIVE,3/10/2026,seed from tblMoldDesign MoldDesignID=3409,,
3450,YSDZ0201-MDID-3410,YSD-Z-020-1,108,2921,3450,ACTIVE,3/10/2026,seed from tblMoldDesign MoldDesignID=3410,,
3451,YSDZ0301-MDID-3411,YSD-Z-030-1,108,2845,3451,ACTIVE,10/3/2017,seed from tblMoldDesign MoldDesignID=3411,,
3452,YSDZ0501-MDID-3412,YSD-Z-050-1,108,2846,3452,ACTIVE,3/10/2026,seed from tblMoldDesign MoldDesignID=3412,,
3453,YSDZ0502-MDID-3413,YSD-Z-050-2,108,2847,3453,ACTIVE,10/20/2014,seed from tblMoldDesign MoldDesignID=3413,,
3454,YSDZ0503?-MDID-3414,YSD-Z-050-3?,108,2853,3454,ACTIVE,3/10/2026,seed from tblMoldDesign MoldDesignID=3414,,
3455,YSDZ0503D-MDID-3415,YSD-Z-050-3D,108,2922,3455,ACTIVE,3/10/2026,seed from tblMoldDesign MoldDesignID=3415,,
3456,YSDZ0503-MDID-3416,YSD-Z-050-3,108,2922,3456,ACTIVE,3/10/2026,seed from tblMoldDesign MoldDesignID=3416,,
3457,YSDZ0602-MDID-3417,YSD-Z-060-2,108,2848,3457,ACTIVE,10/20/2014,seed from tblMoldDesign MoldDesignID=3417,,
3458,YSDZ0801-MDID-3418,YSD-Z-080-1,108,2849,3458,ACTIVE,3/10/2026,seed from tblMoldDesign MoldDesignID=3418,,
3459,YSDZ1001-MDID-3419,YSD-Z-100-1,108,2850,3459,ACTIVE,10/20/2014,seed from tblMoldDesign MoldDesignID=3419,,
3460,YSDZ1002D-MDID-3421,YSD-Z-100-2D,108,2851,3460,ACTIVE,3/10/2026,seed from tblMoldDesign MoldDesignID=3421,,
3461,YSDZ1002-MDID-3422,YSD-Z-100-2,108,2851,3461,ACTIVE,3/10/2026,seed from tblMoldDesign MoldDesignID=3422,,
3462,YSDZ60-MDID-3423,YSD-Z-60,108,2854,3462,ACTIVE,3/10/2026,seed from tblMoldDesign MoldDesignID=3423,,
3463,YSM001-MDID-3424,YSM-001,241,2855,3463,ACTIVE,3/10/2026,seed from tblMoldDesign MoldDesignID=3424,,
3464,YSM002-MDID-3425,YSM-002,241,2856,3464,ACTIVE,3/10/2026,seed from tblMoldDesign MoldDesignID=3425,,
3465,YSM003-MDID-3426,YSM-003,241,2857,3465,ACTIVE,3/10/2026,seed from tblMoldDesign MoldDesignID=3426,,
3466,YSM004-MDID-3427,YSM-004,241,2858,3466,ACTIVE,3/10/2026,seed from tblMoldDesign MoldDesignID=3427,,
3467,YSM005-MDID-3428,YSM-005,241,2859,3467,ACTIVE,3/10/2026,seed from tblMoldDesign MoldDesignID=3428,,
3468,YSM006-MDID-3429,YSM-006,241,2860,3468,ACTIVE,3/10/2026,seed from tblMoldDesign MoldDesignID=3429,,
3469,YSM007-MDID-3430,YSM-007,241,2861,3469,ACTIVE,3/10/2026,seed from tblMoldDesign MoldDesignID=3430,,
3470,YSM008-MDID-3431,YSM-008,241,2862,3470,ACTIVE,3/10/2026,seed from tblMoldDesign MoldDesignID=3431,,
3471,YSM009-MDID-3432,YSM-009,241,2863,3471,ACTIVE,3/10/2026,seed from tblMoldDesign MoldDesignID=3432,,
3472,YSM010-MDID-3433,YSM-010,241,2864,3472,ACTIVE,3/10/2026,seed from tblMoldDesign MoldDesignID=3433,,
3473,YSM011-MDID-3434,YSM-011,241,2865,3473,ACTIVE,3/10/2026,seed from tblMoldDesign MoldDesignID=3434,,
3474,YSM013-MDID-3435,YSM-013,241,2866,3474,ACTIVE,10/20/2014,seed from tblMoldDesign MoldDesignID=3435,,
3475,YSM014-MDID-3436,YSM-014,241,2867,3475,ACTIVE,10/20/2014,seed from tblMoldDesign MoldDesignID=3436,,
3476,YSM015-MDID-3437,YSM-015,241,2868,3476,ACTIVE,10/20/2014,seed from tblMoldDesign MoldDesignID=3437,,
3477,YSM016-MDID-3438,YSM-016,241,2869,3477,ACTIVE,10/20/2014,seed from tblMoldDesign MoldDesignID=3438,,
3478,YSM017-MDID-3439,YSM-017,241,2870,3478,ACTIVE,10/20/2014,seed from tblMoldDesign MoldDesignID=3439,,
3479,YSM018-MDID-3440,YSM-018,241,2871,3479,ACTIVE,10/20/2014,seed from tblMoldDesign MoldDesignID=3440,,
3480,YSM019-MDID-3441,YSM-019,241,2872,3480,ACTIVE,10/20/2014,seed from tblMoldDesign MoldDesignID=3441,,
3481,YSM020-MDID-3442,YSM-020,241,2873,3481,ACTIVE,10/20/2014,seed from tblMoldDesign MoldDesignID=3442,,
3482,YSM021-MDID-3443,YSM-021,241,2874,3482,ACTIVE,10/20/2014,seed from tblMoldDesign MoldDesignID=3443,,
3483,YSM022-MDID-3444,YSM-022,241,2875,3483,ACTIVE,10/20/2014,seed from tblMoldDesign MoldDesignID=3444,,
3484,YSM023-MDID-3445,YSM-023,241,2876,3484,ACTIVE,10/20/2014,seed from tblMoldDesign MoldDesignID=3445,,
3485,YSM024-MDID-3446,YSM-024,241,2877,3485,ACTIVE,10/20/2014,seed from tblMoldDesign MoldDesignID=3446,,
3486,YSM025-MDID-3447,YSM-025,241,2878,3486,ACTIVE,10/20/2014,seed from tblMoldDesign MoldDesignID=3447,,
3487,YSM026-MDID-3448,YSM-026,241,2879,3487,ACTIVE,10/20/2014,seed from tblMoldDesign MoldDesignID=3448,,
3488,YSM027-MDID-3449,YSM-027,241,2880,3488,ACTIVE,10/20/2014,seed from tblMoldDesign MoldDesignID=3449,,
3489,YSM028-MDID-3450,YSM-028,241,2881,3489,ACTIVE,11/24/2017,seed from tblMoldDesign MoldDesignID=3450,,
3490,YSM029-MDID-3451,YSM-029,241,2882,3490,ACTIVE,11/24/2017,seed from tblMoldDesign MoldDesignID=3451,,
3491,YSM030-MDID-3452,YSM-030,241,2883,3491,ACTIVE,11/24/2017,seed from tblMoldDesign MoldDesignID=3452,,
3492,YSM031-MDID-3453,YSM-031,241,2884,3492,ACTIVE,11/24/2017,seed from tblMoldDesign MoldDesignID=3453,,
3493,YSM032-MDID-3454,YSM-032,241,2885,3493,ACTIVE,11/27/2017,seed from tblMoldDesign MoldDesignID=3454,,
3494,YSM033-MDID-3455,YSM-033,241,2886,3494,ACTIVE,11/17/2017,seed from tblMoldDesign MoldDesignID=3455,,
3495,YSM034-MDID-3456,YSM-034,241,2887,3495,ACTIVE,11/27/2017,seed from tblMoldDesign MoldDesignID=3456,,
3496,YSM035-MDID-3457,YSM-035,241,2888,3496,ACTIVE,3/30/2018,seed from tblMoldDesign MoldDesignID=3457,,
3497,YSM036-MDID-3458,YSM-036,241,2889,3497,ACTIVE,3/28/2018,seed from tblMoldDesign MoldDesignID=3458,,
3498,YSM037-MDID-3459,YSM-037,241,2890,3498,ACTIVE,8/27/2018,seed from tblMoldDesign MoldDesignID=3459,,
3499,YSM038-MDID-3460,YSM-038,241,2891,3499,ACTIVE,8/27/2018,seed from tblMoldDesign MoldDesignID=3460,,
3500,YSM039-MDID-3461,YSM-039,241,2892,3500,ACTIVE,8/31/2018,seed from tblMoldDesign MoldDesignID=3461,,
3501,YSM040-MDID-3462,YSM-040,241,2893,3501,ACTIVE,9/25/2018,seed from tblMoldDesign MoldDesignID=3462,,
3502,YSM041-MDID-3463,YSM-041,241,2894,3502,ACTIVE,9/25/2018,seed from tblMoldDesign MoldDesignID=3463,,
3503,YSM042-MDID-3464,YSM-042,241,2895,3503,ACTIVE,11/27/2018,seed from tblMoldDesign MoldDesignID=3464,,
3504,YSM043-MDID-3465,YSM-043,241,2896,3504,ACTIVE,2/19/2019,seed from tblMoldDesign MoldDesignID=3465,,
3505,YSM044-MDID-3466,YSM-044,241,2897,3505,ACTIVE,2/19/2019,seed from tblMoldDesign MoldDesignID=3466,,
3506,YSM045-MDID-3467,YSM-045,241,2898,3506,ACTIVE,11/29/2019,seed from tblMoldDesign MoldDesignID=3467,,
3507,YSR001-MDID-3468,YSR-001,242,2899,3507,ACTIVE,3/10/2026,seed from tblMoldDesign MoldDesignID=3468,,
3508,YSR002-MDID-3469,YSR-002,242,2900,3508,ACTIVE,3/10/2026,seed from tblMoldDesign MoldDesignID=3469,,
3509,YSR003-MDID-3470,YSR-003,242,2901,3509,ACTIVE,3/10/2026,seed from tblMoldDesign MoldDesignID=3470,,
3510,YSR004-MDID-3471,YSR-004,242,2902,3510,ACTIVE,3/10/2026,seed from tblMoldDesign MoldDesignID=3471,,
3511,YSR005-MDID-3472,YSR-005,242,2903,3511,ACTIVE,3/10/2026,seed from tblMoldDesign MoldDesignID=3472,,
3512,YSR006-MDID-3473,YSR-006,242,2904,3512,ACTIVE,3/10/2026,seed from tblMoldDesign MoldDesignID=3473,,
3513,YSR007-MDID-3474,YSR-007,242,2905,3513,ACTIVE,3/10/2026,seed from tblMoldDesign MoldDesignID=3474,,
3514,YSR008-MDID-3475,YSR-008,242,2906,3514,ACTIVE,3/10/2026,seed from tblMoldDesign MoldDesignID=3475,,
3515,YSR009-MDID-3476,YSR-009,242,2907,3515,ACTIVE,3/10/2026,seed from tblMoldDesign MoldDesignID=3476,,
3516,YSR010-MDID-3477,YSR-010,242,2908,3516,ACTIVE,3/10/2026,seed from tblMoldDesign MoldDesignID=3477,,
3517,YSR011-MDID-3478,YSR-011,242,2909,3517,ACTIVE,3/10/2026,seed from tblMoldDesign MoldDesignID=3478,,
3518,YSR012-MDID-3479,YSR-012,242,2910,3518,ACTIVE,3/10/2026,seed from tblMoldDesign MoldDesignID=3479,,
3519,YSR013-MDID-3480,YSR-013,242,2911,3519,ACTIVE,3/10/2026,seed from tblMoldDesign MoldDesignID=3480,,
3520,YSR014-MDID-3481,YSR-014,242,2912,3520,ACTIVE,10/20/2014,seed from tblMoldDesign MoldDesignID=3481,,
3521,YSR015-MDID-3482,YSR-015,242,2913,3521,ACTIVE,10/20/2014,seed from tblMoldDesign MoldDesignID=3482,,
3522,YSR016-MDID-3483,YSR-016,242,2914,3522,ACTIVE,10/20/2014,seed from tblMoldDesign MoldDesignID=3483,,
3523,YSR017-MDID-3484,YSR-017,242,2915,3523,ACTIVE,10/20/2014,seed from tblMoldDesign MoldDesignID=3484,,
3524,YSR018-MDID-3485,YSR-018,242,2916,3524,ACTIVE,10/20/2014,seed from tblMoldDesign MoldDesignID=3485,,
3525,YSR019-MDID-3486,YSR-019,242,2917,3525,ACTIVE,10/20/2014,seed from tblMoldDesign MoldDesignID=3486,,
3526,YSR020-MDID-3487,YSR-020,242,2918,3526,ACTIVE,5/30/2016,seed from tblMoldDesign MoldDesignID=3487,,
3527,YSR021-MDID-3488,YSR-021,242,2919,3527,ACTIVE,12/21/2018,seed from tblMoldDesign MoldDesignID=3488,,
3528,YZP004B-MDID-3489,YZP-004B,330,4349,3528,ACTIVE,3/10/2026,seed from tblMoldDesign MoldDesignID=3489,,
3529,YZW001-MDID-3490,YZW-001,284,2920,3529,ACTIVE,7/6/2016,seed from tblMoldDesign MoldDesignID=3490,,
3530,ZA-MDID-3491,ZA,244,2952,3530,ACTIVE,3/10/2026,seed from tblMoldDesign MoldDesignID=3491,,
3531,ZA別抜き-MDID-3492,ZA 別抜き,244,2927,3531,ACTIVE,3/10/2026,seed from tblMoldDesign MoldDesignID=3492,,
3532,ZB木板-MDID-3493,ZB木板,244,2928,3532,ACTIVE,3/10/2026,seed from tblMoldDesign MoldDesignID=3493,,
3533,ZD-MDID-3494,ZD,244,2952,3533,ACTIVE,3/10/2026,seed from tblMoldDesign MoldDesignID=3494,,
3534,アンテナ50-MDID-3495,-アンテナ50,244,4352,3534,ACTIVE,3/10/2026,seed from tblMoldDesign MoldDesignID=3495,,
3535,エアコン室外機カーバー-MDID-3496,エアコン室外機カーバー,244,2929,3535,ACTIVE,3/10/2026,seed from tblMoldDesign MoldDesignID=3496,,
3536,カットライン別抜き-MDID-3497,カットライン別抜き,244,2930,3536,ACTIVE,3/10/2026,seed from tblMoldDesign MoldDesignID=3497,,
3537,キリコだし-MDID-3498,キリコだし,244,2931,3537,ACTIVE,3/10/2026,seed from tblMoldDesign MoldDesignID=3498,,
3538,コンプレッサーPB11MNB5-MDID-3499,コンプレッサー　PB11MNB5,244,2932,3538,ACTIVE,3/10/2026,seed from tblMoldDesign MoldDesignID=3499,,
3539,サーブ木板A-MDID-3500,サーブ木板　A,244,2934,3539,ACTIVE,3/10/2026,seed from tblMoldDesign MoldDesignID=3500,,
3540,サーブ木板D-MDID-3501,サーブ木板　D,244,2935,3540,ACTIVE,3/10/2026,seed from tblMoldDesign MoldDesignID=3501,,
3541,サーブ木板K-MDID-3502,サーブ木板　K,244,2936,3541,ACTIVE,3/10/2026,seed from tblMoldDesign MoldDesignID=3502,,
3542,サーブ木板ZA-MDID-3503,サーブ木板 ZA,244,2937,3542,ACTIVE,3/10/2026,seed from tblMoldDesign MoldDesignID=3503,,
3543,サーブ木板ZB-MDID-3504,サーブ木板　ZB,244,2938,3543,ACTIVE,3/10/2026,seed from tblMoldDesign MoldDesignID=3504,,
3544,サーブ木板ZD-MDID-3505,サーブ木板 ZD,244,2939,3544,ACTIVE,3/10/2026,seed from tblMoldDesign MoldDesignID=3505,,
3545,シャープ-MDID-3506,-シャープ,244,4353,3545,ACTIVE,10/20/2014,seed from tblMoldDesign MoldDesignID=3506,,
3546,スタキングAタイプ-MDID-3507,スタキング　A タイプ,244,2940,3546,ACTIVE,3/10/2026,seed from tblMoldDesign MoldDesignID=3507,,
3547,スタキング共通-MDID-3508,スタキング共通,244,2941,3547,ACTIVE,3/10/2026,seed from tblMoldDesign MoldDesignID=3508,,
3548,ソニー-MDID-3509,-ソニー,244,4354,3548,ACTIVE,3/10/2026,seed from tblMoldDesign MoldDesignID=3509,,
3549,その他-MDID-3510,その他,244,2947,3549,ACTIVE,3/10/2026,seed from tblMoldDesign MoldDesignID=3510,,
3550,テルモ-MDID-3511,テルモ,244,4355,3550,ACTIVE,3/10/2026,seed from tblMoldDesign MoldDesignID=3511,,
3551,ドア修理-MDID-3512,ドア修理,244,2942,3551,ACTIVE,3/10/2026,seed from tblMoldDesign MoldDesignID=3512,,
3552,レーザーシート小-MDID-3513,-レーザーシート小,244,4356,3552,ACTIVE,3/10/2026,seed from tblMoldDesign MoldDesignID=3513,,
3553,機械治具-MDID-3514,機械治具,244,2943,3553,ACTIVE,3/10/2026,seed from tblMoldDesign MoldDesignID=3514,,
3554,金型整理-MDID-3515,金型整理,244,2945,3554,ACTIVE,3/10/2026,seed from tblMoldDesign MoldDesignID=3515,,
3555,治具-MDID-3516,治具,244,2944,3555,ACTIVE,10/20/2014,seed from tblMoldDesign MoldDesignID=3516,,
3556,治具2021.8.19-MDID-3517,治具2021.8.19,244,2946,3556,ACTIVE,3/10/2026,seed from tblMoldDesign MoldDesignID=3517,,
3557,社内作業-MDID-3518,社内作業,244,2948,3557,ACTIVE,3/10/2026,seed from tblMoldDesign MoldDesignID=3518,,
3558,追加工・修理-MDID-3519,追加工・修理,244,2949,3558,ACTIVE,3/10/2026,seed from tblMoldDesign MoldDesignID=3519,,
3559,廃油(ドラム缶)-MDID-3520,廃油(ドラム缶),244,2950,3559,ACTIVE,3/10/2026,seed from tblMoldDesign MoldDesignID=3520,,
3560,OOT014-MDID-3521,OOT-014,38,4383,3560,ACTIVE,10/20/2014,seed from tblMoldDesign MoldDesignID=3521,,
3561,TNR001-MDID-3522,TNR-001,365,4394,3561,ACTIVE,10/20/2014,seed from tblMoldDesign MoldDesignID=3522,,
3562,OOT016-MDID-3523,OOT-016,38,4395,3562,ACTIVE,11/11/2014,seed from tblMoldDesign MoldDesignID=3523,,
3563,JAE028-MDID-3524,JAE-028,177,4396,3563,ACTIVE,1/8/2015,seed from tblMoldDesign MoldDesignID=3524,,
3564,SWT001-MDID-3525,SWT-001,366,4397,3564,ACTIVE,1/21/2015,seed from tblMoldDesign MoldDesignID=3525,,
3565,ADY094-MDID-3526,ADY-094,111,4398,3565,ACTIVE,3/10/2016,seed from tblMoldDesign MoldDesignID=3526,,
3566,MTM085-MDID-3527,MTM-085,9,4399,3566,ACTIVE,1/29/2015,seed from tblMoldDesign MoldDesignID=3527,,
3567,MYS001-MDID-3528,MYS-001,11,4400,3567,ACTIVE,1/30/2015,seed from tblMoldDesign MoldDesignID=3528,,
3568,KDS097-MDID-3529,KDS-097,248,4401,3568,ACTIVE,2/9/2018,seed from tblMoldDesign MoldDesignID=3529,,
3569,MZT045-MDID-3530,MZT-045,12,4402,3569,ACTIVE,9/9/2024,seed from tblMoldDesign MoldDesignID=3530,,
3570,MZT062-MDID-3531,MZT-062,12,4403,3570,ACTIVE,9/9/2024,seed from tblMoldDesign MoldDesignID=3531,,
3571,MTE-MDID-3532,MTE,8,4406,3571,ACTIVE,4/24/2015,seed from tblMoldDesign MoldDesignID=3532,,
3572,MZT048-MDID-3533,MZT-048,12,4405,3572,ACTIVE,9/9/2024,seed from tblMoldDesign MoldDesignID=3533,,
3573,KDS065-MDID-3534,KDS-065,248,4407,3573,ACTIVE,10/20/2014,seed from tblMoldDesign MoldDesignID=3534,,
3574,MZT065-MDID-3535,MZT-065,12,4408,3574,ACTIVE,9/9/2024,seed from tblMoldDesign MoldDesignID=3535,,
3575,ADY073-MDID-3536,ADY-073,111,4413,3575,ACTIVE,9/10/2024,seed from tblMoldDesign MoldDesignID=3536,,
3576,MZT067-MDID-3537,MZT-067,12,4409,3576,ACTIVE,9/10/2024,seed from tblMoldDesign MoldDesignID=3537,,
3577,OOT007-MDID-3538,OOT-007,38,4411,3577,ACTIVE,10/20/2014,seed from tblMoldDesign MoldDesignID=3538,,
3578,KDS090-MDID-3539,KDS-090,248,4416,3578,ACTIVE,1/24/2017,seed from tblMoldDesign MoldDesignID=3539,,
3579,CST006-MDID-3540,CST-006,138,4415,3579,ACTIVE,9/10/2024,seed from tblMoldDesign MoldDesignID=3540,,
3580,JAE103-MDID-3541,JAE-103,177,4412,3580,ACTIVE,6/23/2016,seed from tblMoldDesign MoldDesignID=3541,,
3581,ADY072-MDID-3542,ADY-072,111,4414,3581,ACTIVE,9/10/2024,seed from tblMoldDesign MoldDesignID=3542,,
3582,KND007-MDID-3543,KND-007,190,4417,3582,ACTIVE,3/24/2015,seed from tblMoldDesign MoldDesignID=3543,,
3583,TE91270-MDID-3544,TE-9-127-0,93,4418,3583,ACTIVE,8/3/2015,seed from tblMoldDesign MoldDesignID=3544,,
3584,JAE049-MDID-3546,JAE-049,177,4419,3584,ACTIVE,6/17/2015,seed from tblMoldDesign MoldDesignID=3546,,
3585,JAE179-MDID-3547,JAE-179,177,4421,3585,ACTIVE,9/11/2024,seed from tblMoldDesign MoldDesignID=3547,,
3586,JAE093-MDID-3548,JAE-093,177,4422,3586,ACTIVE,4/19/2016,seed from tblMoldDesign MoldDesignID=3548,,
3587,TE91271-MDID-3549,TE-9-127-1,93,4423,3587,ACTIVE,7/13/2015,seed from tblMoldDesign MoldDesignID=3549,,
3588,YSDZ0601-MDID-3550,YSD-Z-060-1,108,2923,3588,ACTIVE,3/10/2026,seed from tblMoldDesign MoldDesignID=3550,,
3589,JAE154-MDID-3551,JAE-154,177,4425,3589,ACTIVE,1/19/2018,seed from tblMoldDesign MoldDesignID=3551,,
3590,KDS-MDID-3552,KDS,248,4427,3590,ACTIVE,10/20/2014,seed from tblMoldDesign MoldDesignID=3552,,
3591,YCM030-MDID-3553,YCM-030,230,4424,3591,ACTIVE,4/6/2015,seed from tblMoldDesign MoldDesignID=3553,,
3592,AON002-MDID-3554,AON-002,118,4426,3592,ACTIVE,1/8/2019,seed from tblMoldDesign MoldDesignID=3554,,
3593,SHT017R2-MDID-3561,SHT-017 R2,61,4431,3593,ACTIVE,9/24/2024,seed from tblMoldDesign MoldDesignID=3561,,
3594,SHT018R2-MDID-3562,SHT-018 R2,61,4432,3594,ACTIVE,9/25/2024,seed from tblMoldDesign MoldDesignID=3562,,
3595,WBZD470x347UpperH60-MDID-3563,WB ZD 470x347 Upper H60,244,4433,3595,ACTIVE,9/26/2024,seed from tblMoldDesign MoldDesignID=3563,,
3596,TIH024D-MDID-3564,TIH-024D,95,2542,3596,ACTIVE,9/26/2024,seed from tblMoldDesign MoldDesignID=3564,,
3597,JAE331R2-MDID-3565,JAE-331R2,177,4435,3597,ACTIVE,9/26/2024,seed from tblMoldDesign MoldDesignID=3565,,
3598,JAE326D-MDID-3566,JAE-326D,177,4436,3598,ACTIVE,9/26/2024,seed from tblMoldDesign MoldDesignID=3566,,
3599,JAE327D-MDID-3567,JAE-327D,177,4437,3599,ACTIVE,9/26/2024,seed from tblMoldDesign MoldDesignID=3567,,
3600,JAE328D-MDID-3568,JAE-328D,177,4438,3600,ACTIVE,9/26/2024,seed from tblMoldDesign MoldDesignID=3568,,
3601,TH010-MDID-3569,TH-010,243,4440,3601,ACTIVE,9/26/2024,seed from tblMoldDesign MoldDesignID=3569,,
3602,TH017B-MDID-3570,TH-017B,243,4441,3602,ACTIVE,9/26/2024,seed from tblMoldDesign MoldDesignID=3570,,
3603,TH022-MDID-3574,TH-022,243,4444,3603,ACTIVE,9/26/2024,seed from tblMoldDesign MoldDesignID=3574,,
3604,TH022B-MDID-3575,TH-022B,243,4444,3604,ACTIVE,9/26/2024,seed from tblMoldDesign MoldDesignID=3575,,
3605,TH026-MDID-3578,TH-026,243,4446,3605,ACTIVE,9/26/2024,seed from tblMoldDesign MoldDesignID=3578,,
3606,TH030-MDID-3579,TH-030,243,4447,3606,ACTIVE,9/26/2024,seed from tblMoldDesign MoldDesignID=3579,,
3607,TH034-MDID-3580,TH-034,243,4448,3607,ACTIVE,9/26/2024,seed from tblMoldDesign MoldDesignID=3580,,
3608,TH035-MDID-3581,TH-035,243,4450,3608,ACTIVE,9/26/2024,seed from tblMoldDesign MoldDesignID=3581,,
3609,TH037-MDID-3582,TH-037,243,4451,3609,ACTIVE,9/26/2024,seed from tblMoldDesign MoldDesignID=3582,,
3610,TH038-MDID-3583,TH-038,243,4452,3610,ACTIVE,9/26/2024,seed from tblMoldDesign MoldDesignID=3583,,
3611,TH039-MDID-3584,TH-039,243,4453,3611,ACTIVE,9/26/2024,seed from tblMoldDesign MoldDesignID=3584,,
3612,TH040-MDID-3585,TH-040,243,4454,3612,ACTIVE,9/26/2024,seed from tblMoldDesign MoldDesignID=3585,,
3613,TH043-MDID-3586,TH-043,243,4455,3613,ACTIVE,9/26/2024,seed from tblMoldDesign MoldDesignID=3586,,
3614,TH044-MDID-3587,TH-044,243,4456,3614,ACTIVE,9/26/2024,seed from tblMoldDesign MoldDesignID=3587,,
3615,TH046-MDID-3588,TH-046,243,4457,3615,ACTIVE,9/26/2024,seed from tblMoldDesign MoldDesignID=3588,,
3616,TH049-MDID-3589,TH-049,243,4458,3616,ACTIVE,9/26/2024,seed from tblMoldDesign MoldDesignID=3589,,
3617,JAE330D-MDID-3591,JAE-330D,177,4460,3617,ACTIVE,9/26/2024,seed from tblMoldDesign MoldDesignID=3591,,
3618,NGT010-MDID-3592,NGT-010,19,4461,3618,ACTIVE,7/5/2021,seed from tblMoldDesign MoldDesignID=3592,,
3619,MMT017-MDID-3593,MMT-017,218,4463,3619,ACTIVE,9/27/2024,seed from tblMoldDesign MoldDesignID=3593,,
3620,JAE329DR1-MDID-3594,JAE-329D R1,177,4464,3620,ACTIVE,9/28/2024,seed from tblMoldDesign MoldDesignID=3594,,
3621,JAE333R1-MDID-3595,JAE-333 R1,177,4465,3621,ACTIVE,9/30/2024,seed from tblMoldDesign MoldDesignID=3595,,
3622,KIK002B-MDID-3596,KIK-002B,291,3943,3622,ACTIVE,12/14/2016,seed from tblMoldDesign MoldDesignID=3596,,
3623,PNS010D-MDID-3598,PNS-010D,46,1651,3623,ACTIVE,10/1/2024,seed from tblMoldDesign MoldDesignID=3598,,
3624,SMK213R3-MDID-3599,SMK-213 R3,71,1823,3624,ACTIVE,10/1/2024,seed from tblMoldDesign MoldDesignID=3599,,
3625,ATS027D-MDID-3600,ATS-027D,125,234,3625,ACTIVE,10/1/2024,seed from tblMoldDesign MoldDesignID=3600,,
3626,HYS002D-MDID-3602,HYS-002D,334,4466,3626,ACTIVE,10/1/2024,seed from tblMoldDesign MoldDesignID=3602,,
3627,NGS018R1-MDID-3603,NGS-018 R1,18,4467,3627,ACTIVE,10/2/2024,seed from tblMoldDesign MoldDesignID=3603,,
3628,TDW001DR2-MDID-3604,TDW-001D R2,351,2006,3628,ACTIVE,10/2/2024,seed from tblMoldDesign MoldDesignID=3604,,
3629,NPK002-MDID-3605,NPK-002,267,4468,3629,ACTIVE,10/3/2024,seed from tblMoldDesign MoldDesignID=3605,,
3630,JAE326R1-MDID-3606,JAE-326 R1,177,4436,3630,ACTIVE,10/4/2024,seed from tblMoldDesign MoldDesignID=3606,,
3631,SMK164-MDID-3607,SMK-164,71,4469,3631,ACTIVE,10/20/2014,seed from tblMoldDesign MoldDesignID=3607,,
3632,JAE327-MDID-3609,JAE-327,177,4437,3632,ACTIVE,10/7/2024,seed from tblMoldDesign MoldDesignID=3609,,
3633,TE91627R3-MDID-3610,TE-9-162-7 R3,93,68,3633,ACTIVE,10/8/2024,seed from tblMoldDesign MoldDesignID=3610,,
3634,JAE325DR1-MDID-3611,JAE-325D R1,177,4470,3634,ACTIVE,10/8/2024,seed from tblMoldDesign MoldDesignID=3611,,
3635,ATS023-MDID-3612,ATS-023,125,228,3635,ACTIVE,10/8/2024,seed from tblMoldDesign MoldDesignID=3612,,
3636,JAE330R1-MDID-3613,JAE-330 R1,177,4460,3636,ACTIVE,10/10/2024,seed from tblMoldDesign MoldDesignID=3613,,
3637,JAE064-MDID-3614,JAE-064,177,4471,3637,ACTIVE,11/13/2015,seed from tblMoldDesign MoldDesignID=3614,,
3638,TE07209924-MDID-3615,TE-0-720992-4,93,4472,3638,ACTIVE,10/15/2024,seed from tblMoldDesign MoldDesignID=3615,,
3639,JAE328-MDID-3616,JAE-328,177,4438,3639,ACTIVE,10/15/2024,seed from tblMoldDesign MoldDesignID=3616,,
3640,JAE329R1-MDID-3617,JAE-329 R1,177,4464,3640,ACTIVE,10/16/2024,seed from tblMoldDesign MoldDesignID=3617,,
3641,JAE03574H-MDID-3618,JAE-035 74H,177,617,3641,ACTIVE,8/29/2015,seed from tblMoldDesign MoldDesignID=3618,,
3642,JAE009-MDID-3619,JAE-009,177,4474,3642,ACTIVE,10/28/2014,seed from tblMoldDesign MoldDesignID=3619,,
3643,JAE207-MDID-3620,JAE-207,177,4475,3643,ACTIVE,8/22/2019,seed from tblMoldDesign MoldDesignID=3620,,
3644,JAE325R1-MDID-3621,JAE-325 R1,177,4470,3644,ACTIVE,10/21/2024,seed from tblMoldDesign MoldDesignID=3621,,
3645,JAE332R1-MDID-3622,JAE-332 R1,177,4476,3645,ACTIVE,10/21/2024,seed from tblMoldDesign MoldDesignID=3622,,
3646,SWT006-MDID-3623,SWT-006,366,4477,3646,ACTIVE,10/23/2024,seed from tblMoldDesign MoldDesignID=3623,,
3647,KSE017-MDID-3624,KSE-017,198,4478,3647,ACTIVE,10/23/2024,seed from tblMoldDesign MoldDesignID=3624,,
3648,SMK182-MDID-3625,SMK-182,71,4479,3648,ACTIVE,10/23/2024,seed from tblMoldDesign MoldDesignID=3625,,
3649,SKK005-MDID-3626,SKK-005,67,4480,3649,ACTIVE,10/23/2024,seed from tblMoldDesign MoldDesignID=3626,,
3650,EXD016-MDID-3627,EXD-016,152,4481,3650,ACTIVE,10/23/2024,seed from tblMoldDesign MoldDesignID=3627,,
3651,EXD015-MDID-3628,EXD-015,152,4482,3651,ACTIVE,10/23/2024,seed from tblMoldDesign MoldDesignID=3628,,
3652,ADV028-MDID-3629,ADV-028,110,4483,3652,ACTIVE,10/23/2024,seed from tblMoldDesign MoldDesignID=3629,,
3653,NKI001-MDID-3630,NKI-001,23,4484,3653,ACTIVE,10/23/2024,seed from tblMoldDesign MoldDesignID=3630,,
3654,SPJ043-MDID-3631,SPJ-043,77,4485,3654,ACTIVE,10/23/2024,seed from tblMoldDesign MoldDesignID=3631,,
3655,SMK120-MDID-3632,SMK-120,71,4486,3655,ACTIVE,10/23/2024,seed from tblMoldDesign MoldDesignID=3632,,
3656,GMY015-MDID-3633,GMY-015,157,4487,3656,ACTIVE,10/23/2024,seed from tblMoldDesign MoldDesignID=3633,,
3657,MSM036-MDID-3634,MSM-036,6,4488,3657,ACTIVE,10/23/2024,seed from tblMoldDesign MoldDesignID=3634,,
3658,TCB004-MDID-3635,TCB-004,253,4489,3658,ACTIVE,10/23/2024,seed from tblMoldDesign MoldDesignID=3635,,
3659,TE61423-MDID-3636,TE-6-142-3,93,4490,3659,ACTIVE,10/23/2024,seed from tblMoldDesign MoldDesignID=3636,,
3660,CK003-MDID-3637,CK-003,135,4491,3660,ACTIVE,10/23/2024,seed from tblMoldDesign MoldDesignID=3637,,
3661,EXD004-MDID-3638,EXD-004,152,4492,3661,ACTIVE,10/23/2024,seed from tblMoldDesign MoldDesignID=3638,,
3662,EXD001-MDID-3639,EXD-001,152,4493,3662,ACTIVE,10/23/2024,seed from tblMoldDesign MoldDesignID=3639,,
3663,JAE334-MDID-3640,JAE-334,177,4494,3663,ACTIVE,10/23/2024,seed from tblMoldDesign MoldDesignID=3640,,
3664,JAE335-MDID-3642,JAE-335,177,4495,3664,ACTIVE,10/23/2024,seed from tblMoldDesign MoldDesignID=3642,,
3665,SIT020-MDID-3643,SIT-020,62,4496,3665,ACTIVE,10/25/2024,seed from tblMoldDesign MoldDesignID=3643,,
3666,SIT021-MDID-3645,SIT-021,62,4497,3666,ACTIVE,10/25/2024,seed from tblMoldDesign MoldDesignID=3645,,
3667,SIT022-MDID-3646,SIT-022,62,4498,3667,ACTIVE,10/25/2024,seed from tblMoldDesign MoldDesignID=3646,,
3668,DIC149R5-MDID-3649,DIC-149 R5,141,4499,3668,ACTIVE,10/30/2024,seed from tblMoldDesign MoldDesignID=3649,,
3669,JAE336R1-MDID-3650,JAE-336 R1,177,4500,3669,ACTIVE,11/1/2024,seed from tblMoldDesign MoldDesignID=3650,,
3670,DIC150R3-MDID-3651,DIC-150 R3,141,4501,3670,ACTIVE,11/5/2024,seed from tblMoldDesign MoldDesignID=3651,,
3671,JAE034ZF-MDID-3652,JAE-034 ZF,177,616,3671,ACTIVE,11/5/2024,seed from tblMoldDesign MoldDesignID=3652,,
3672,JAE143-MDID-3653,JAE-143,177,4502,3672,ACTIVE,11/5/2024,seed from tblMoldDesign MoldDesignID=3653,,
3673,JAE136-MDID-3654,JAE-136,177,4503,3673,ACTIVE,11/5/2024,seed from tblMoldDesign MoldDesignID=3654,,
3674,JAE137R1-MDID-3655,JAE-137 R1,177,4504,3674,ACTIVE,11/5/2024,seed from tblMoldDesign MoldDesignID=3655,,
3675,JAE144-MDID-3656,JAE-144,177,4505,3675,ACTIVE,11/5/2024,seed from tblMoldDesign MoldDesignID=3656,,
3676,JAE172-MDID-3657,JAE-172,177,4506,3676,ACTIVE,11/5/2024,seed from tblMoldDesign MoldDesignID=3657,,
3677,JAE138-MDID-3659,JAE-138,177,4507,3677,ACTIVE,11/5/2024,seed from tblMoldDesign MoldDesignID=3659,,
3678,JAE142-MDID-3660,JAE-142,177,4508,3678,ACTIVE,11/5/2024,seed from tblMoldDesign MoldDesignID=3660,,
3679,JAE141-MDID-3661,JAE-141,177,4509,3679,ACTIVE,11/5/2024,seed from tblMoldDesign MoldDesignID=3661,,
3680,JAE277-MDID-3662,JAE-277,177,604,3680,ACTIVE,11/5/2024,seed from tblMoldDesign MoldDesignID=3662,,
3681,MCT001DR1-MDID-3663,MCT-001D R1,346,1202,3681,ACTIVE,11/5/2024,seed from tblMoldDesign MoldDesignID=3663,,
3682,JAE140R2PS-MDID-3664,JAE-140 R2 PS,177,658,3682,ACTIVE,11/6/2024,seed from tblMoldDesign MoldDesignID=3664,,
3683,JAE076-MDID-3665,JAE-076,177,4510,3683,ACTIVE,11/6/2024,seed from tblMoldDesign MoldDesignID=3665,,
3684,JAE077-MDID-3666,JAE-077,177,4511,3684,ACTIVE,11/6/2024,seed from tblMoldDesign MoldDesignID=3666,,
3685,JAE068-MDID-3668,JAE-068,177,4512,3685,ACTIVE,11/6/2024,seed from tblMoldDesign MoldDesignID=3668,,
3686,JAE084-MDID-3669,JAE-084,177,4513,3686,ACTIVE,11/6/2024,seed from tblMoldDesign MoldDesignID=3669,,
3687,JAE115-MDID-3670,JAE-115,177,4514,3687,ACTIVE,11/6/2024,seed from tblMoldDesign MoldDesignID=3670,,
3688,JAE125-MDID-3671,JAE-125,177,4515,3688,ACTIVE,11/6/2024,seed from tblMoldDesign MoldDesignID=3671,,
3689,JAE151R1-MDID-3672,JAE-151 R1,177,4516,3689,ACTIVE,11/6/2024,seed from tblMoldDesign MoldDesignID=3672,,
3690,JAE163-MDID-3673,JAE-163,177,4517,3690,ACTIVE,11/6/2024,seed from tblMoldDesign MoldDesignID=3673,,
3691,JAE205-MDID-3675,JAE-205,177,4518,3691,ACTIVE,11/6/2024,seed from tblMoldDesign MoldDesignID=3675,,
3692,JAE218-MDID-3676,JAE-218,177,4519,3692,ACTIVE,11/6/2024,seed from tblMoldDesign MoldDesignID=3676,,
3693,JAE237-MDID-3677,JAE-237,177,4520,3693,ACTIVE,11/6/2024,seed from tblMoldDesign MoldDesignID=3677,,
3694,JAE246-MDID-3678,JAE-246,177,4521,3694,ACTIVE,11/6/2024,seed from tblMoldDesign MoldDesignID=3678,,
3695,JAE113R7-MDID-3680,JAE-113 R7,177,643,3695,ACTIVE,11/7/2024,seed from tblMoldDesign MoldDesignID=3680,,
3696,MOK006D-MDID-3681,MOK-006D,2,4522,3696,ACTIVE,11/7/2024,seed from tblMoldDesign MoldDesignID=3681,,
3697,GKD001-MDID-3682,GKD-001,156,4524,3697,ACTIVE,11/11/2024,seed from tblMoldDesign MoldDesignID=3682,,
3698,TIH024R2-MDID-3683,TIH-024 R2,95,2542,3698,ACTIVE,11/12/2024,seed from tblMoldDesign MoldDesignID=3683,,
3699,HYS002-MDID-3684,HYS-002,334,4466,3699,ACTIVE,11/13/2024,seed from tblMoldDesign MoldDesignID=3684,,
3700,SHT017R3-MDID-3685,SHT-017 R3,61,4431,3700,ACTIVE,11/13/2024,seed from tblMoldDesign MoldDesignID=3685,,
3701,JAE110-MDID-3686,JAE-110,177,4525,3701,ACTIVE,11/14/2024,seed from tblMoldDesign MoldDesignID=3686,,
3702,TE11631DR1-MDID-3687,TE-1-163-1D R1,93,7,3702,ACTIVE,11/16/2024,seed from tblMoldDesign MoldDesignID=3687,,
3703,TE11632DR3-MDID-3688,TE-1-163-2D R3,93,8,3703,ACTIVE,11/16/2024,seed from tblMoldDesign MoldDesignID=3688,,
3704,ADY107-MDID-3689,ADY-107,111,4526,3704,ACTIVE,11/16/2024,seed from tblMoldDesign MoldDesignID=3689,,
3705,ADY120-MDID-3690,ADY-120,111,4527,3705,ACTIVE,11/16/2024,seed from tblMoldDesign MoldDesignID=3690,,
3706,MOK006-MDID-3691,MOK-006,2,4522,3706,ACTIVE,11/18/2024,seed from tblMoldDesign MoldDesignID=3691,,
3707,SLK121-MDID-3692,SLK-121,70,4528,3707,ACTIVE,11/19/2024,seed from tblMoldDesign MoldDesignID=3692,,
3708,ADV022-MDID-3693,ADV-022,110,4529,3708,ACTIVE,11/19/2024,seed from tblMoldDesign MoldDesignID=3693,,
3709,ODS024-MDID-3694,ODS-024,32,4530,3709,ACTIVE,11/19/2024,seed from tblMoldDesign MoldDesignID=3694,,
3710,NGT006-MDID-3695,NGT-006,19,4531,3710,ACTIVE,11/19/2024,seed from tblMoldDesign MoldDesignID=3695,,
3711,NGT009-MDID-3696,NGT-009,19,4532,3711,ACTIVE,11/19/2024,seed from tblMoldDesign MoldDesignID=3696,,
3712,NGT004-MDID-3697,NGT-004,19,4533,3712,ACTIVE,11/19/2024,seed from tblMoldDesign MoldDesignID=3697,,
3713,MRY020-MDID-3698,MRY-020,4,4534,3713,ACTIVE,11/19/2024,seed from tblMoldDesign MoldDesignID=3698,,
3714,CPL002-MDID-3699,CPL-002,137,4535,3714,ACTIVE,11/19/2024,seed from tblMoldDesign MoldDesignID=3699,,
3715,MZT021-MDID-3700,MZT-021,12,4536,3715,ACTIVE,11/19/2024,seed from tblMoldDesign MoldDesignID=3700,,
3716,SPJ007-MDID-3701,SPJ-007,77,4537,3716,ACTIVE,11/19/2024,seed from tblMoldDesign MoldDesignID=3701,,
3717,SMK017-MDID-3702,SMK-017,71,4538,3717,ACTIVE,11/19/2024,seed from tblMoldDesign MoldDesignID=3702,,
3718,SMK030-MDID-3703,SMK-030,71,4539,3718,ACTIVE,11/19/2024,seed from tblMoldDesign MoldDesignID=3703,,
3719,SMK045-MDID-3704,SMK-045,71,4540,3719,ACTIVE,11/19/2024,seed from tblMoldDesign MoldDesignID=3704,,
3720,KDS051-MDID-3705,KDS-051,248,4541,3720,ACTIVE,11/19/2024,seed from tblMoldDesign MoldDesignID=3705,,
3721,MZT023-MDID-3706,MZT-023,12,4542,3721,ACTIVE,11/19/2024,seed from tblMoldDesign MoldDesignID=3706,,
3722,MZT028-MDID-3707,MZT-028,12,4543,3722,ACTIVE,11/19/2024,seed from tblMoldDesign MoldDesignID=3707,,
3723,MZT029-MDID-3708,MZT-029,12,4544,3723,ACTIVE,11/19/2024,seed from tblMoldDesign MoldDesignID=3708,,
3724,MZT031-MDID-3709,MZT-031,12,4545,3724,ACTIVE,11/19/2024,seed from tblMoldDesign MoldDesignID=3709,,
3725,MZT042-MDID-3710,MZT-042,12,4546,3725,ACTIVE,11/19/2024,seed from tblMoldDesign MoldDesignID=3710,,
3726,MZT025-MDID-3711,MZT-025,12,4547,3726,ACTIVE,11/19/2024,seed from tblMoldDesign MoldDesignID=3711,,
3727,MZT026-MDID-3712,MZT-026,12,4548,3727,ACTIVE,11/19/2024,seed from tblMoldDesign MoldDesignID=3712,,
3728,MZT041-MDID-3713,MZT-041,12,4549,3728,ACTIVE,11/20/2024,seed from tblMoldDesign MoldDesignID=3713,,
3729,KDS056-MDID-3714,KDS-056,248,4550,3729,ACTIVE,11/20/2024,seed from tblMoldDesign MoldDesignID=3714,,
3730,SMK139-MDID-3715,SMK-139,71,4551,3730,ACTIVE,11/20/2024,seed from tblMoldDesign MoldDesignID=3715,,
3731,DIC152R1-MDID-3716,DIC-152 R1,141,4552,3731,ACTIVE,11/20/2024,seed from tblMoldDesign MoldDesignID=3716,,
3732,NGS018R2-MDID-3717,NGS-018 R2,18,4467,3732,ACTIVE,11/20/2024,seed from tblMoldDesign MoldDesignID=3717,,
3733,MOK004-MDID-3718,MOK-004,2,4553,3733,ACTIVE,11/21/2024,seed from tblMoldDesign MoldDesignID=3718,,
3734,OMG003-MDID-3719,OMG-003,36,4554,3734,ACTIVE,11/21/2024,seed from tblMoldDesign MoldDesignID=3719,,
3735,SMK142-MDID-3720,SMK-142,71,4555,3735,ACTIVE,11/21/2024,seed from tblMoldDesign MoldDesignID=3720,,
3736,TE21564-MDID-3722,TE-2-156-4,93,2,3736,ACTIVE,3/10/2026,seed from tblMoldDesign MoldDesignID=3722,,
3737,KND002-MDID-3723,KND-002,190,2,3737,ACTIVE,3/10/2026,seed from tblMoldDesign MoldDesignID=3723,,
3738,YCM021-MDID-3724,YCM-021,230,2,3738,ACTIVE,3/10/2026,seed from tblMoldDesign MoldDesignID=3724,,
3739,YMT009-MDID-3725,YMT-009,238,2,3739,ACTIVE,3/10/2026,seed from tblMoldDesign MoldDesignID=3725,,
3740,KSP068-MDID-3726,KSP-068,199,2,3740,ACTIVE,3/10/2026,seed from tblMoldDesign MoldDesignID=3726,,
3741,TE31563-MDID-3727,TE-3-156-3,93,2,3741,ACTIVE,3/10/2026,seed from tblMoldDesign MoldDesignID=3727,,
3742,KSP081-MDID-3728,KSP-081,199,2,3742,ACTIVE,3/10/2026,seed from tblMoldDesign MoldDesignID=3728,,
3743,ady091-MDID-3729,ady-091,111,2,3743,ACTIVE,3/10/2026,seed from tblMoldDesign MoldDesignID=3729,,
3744,TE61570-MDID-3730,TE-6-157-0,93,2,3744,ACTIVE,3/10/2026,seed from tblMoldDesign MoldDesignID=3730,,
3745,te11412-MDID-3731,te-1-141-2,93,2,3745,ACTIVE,3/10/2026,seed from tblMoldDesign MoldDesignID=3731,,
3746,SMK181-MDID-3732,SMK-181,71,2,3746,ACTIVE,3/10/2026,seed from tblMoldDesign MoldDesignID=3732,,
3747,smk180-MDID-3733,smk-180,71,2,3747,ACTIVE,3/10/2026,seed from tblMoldDesign MoldDesignID=3733,,
3748,DIC017-MDID-3734,DIC-017,141,2,3748,ACTIVE,3/10/2026,seed from tblMoldDesign MoldDesignID=3734,,
3749,DIC018-MDID-3735,DIC-018,141,2,3749,ACTIVE,3/10/2026,seed from tblMoldDesign MoldDesignID=3735,,
3750,KMG003-MDID-3736,KMG-003,392,2,3750,ACTIVE,3/10/2026,seed from tblMoldDesign MoldDesignID=3736,,
3751,TE91560-MDID-3737,TE-9-156-0,93,2,3751,ACTIVE,3/10/2026,seed from tblMoldDesign MoldDesignID=3737,,
3752,te71571-MDID-3738,te-7-157-1,93,2,3752,ACTIVE,3/10/2026,seed from tblMoldDesign MoldDesignID=3738,,
3753,SKK001-MDID-3739,SKK-001,67,2,3753,ACTIVE,3/10/2026,seed from tblMoldDesign MoldDesignID=3739,,
3754,KND012-MDID-3740,KND-012,190,2,3754,ACTIVE,3/10/2026,seed from tblMoldDesign MoldDesignID=3740,,
3755,ADV031-MDID-3741,ADV-031,110,2,3755,ACTIVE,3/10/2026,seed from tblMoldDesign MoldDesignID=3741,,
3756,TE21560R-MDID-3742,TE-2-156-0 R,93,2,3756,ACTIVE,3/10/2026,seed from tblMoldDesign MoldDesignID=3742,,
3757,GMY029-MDID-3743,GMY-029,157,2,3757,ACTIVE,3/10/2026,seed from tblMoldDesign MoldDesignID=3743,,
3758,ADY065-MDID-3744,ADY-065,111,2,3758,ACTIVE,3/10/2026,seed from tblMoldDesign MoldDesignID=3744,,
3759,ADY066-MDID-3745,ADY-066,111,2,3759,ACTIVE,11/22/2024,seed from tblMoldDesign MoldDesignID=3745,,
3760,MZT061-MDID-3746,MZT-061,12,2,3760,ACTIVE,11/22/2024,seed from tblMoldDesign MoldDesignID=3746,,
3761,YCM022-MDID-3747,YCM-022,230,2,3761,ACTIVE,11/22/2024,seed from tblMoldDesign MoldDesignID=3747,,
3762,TE31591-MDID-3748,TE-3-159-1,93,2,3762,ACTIVE,11/22/2024,seed from tblMoldDesign MoldDesignID=3748,,
3763,SIT023-MDID-3750,SIT-023,62,2,3763,ACTIVE,11/26/2024,seed from tblMoldDesign MoldDesignID=3750,,
3764,KOS018-MDID-3751,KOS-018,195,2,3764,ACTIVE,11/27/2024,seed from tblMoldDesign MoldDesignID=3751,,
3765,ATS030R2-MDID-3752,ATS-030 R2,125,,3765,ACTIVE,11/28/2024,seed from tblMoldDesign MoldDesignID=3752,,
3766,NKB001-MDID-3753,NKB-001,393,2,3766,ACTIVE,12/2/2024,seed from tblMoldDesign MoldDesignID=3753,,
3767,MTM132-MDID-3754,MTM-132,9,2,3767,ACTIVE,12/2/2024,seed from tblMoldDesign MoldDesignID=3754,,
3768,SONY001-MDID-3755,SONY-001,394,2,3768,ACTIVE,12/2/2024,seed from tblMoldDesign MoldDesignID=3755,,
3769,CPL001M-MDID-3756,CPL-001M,137,2,3769,ACTIVE,12/2/2024,seed from tblMoldDesign MoldDesignID=3756,,
3770,CPL001C-MDID-3757,CPL-001C,137,2,3770,ACTIVE,12/2/2024,seed from tblMoldDesign MoldDesignID=3757,,
3771,DIC026-MDID-3758,DIC-026,141,2,3771,ACTIVE,12/2/2024,seed from tblMoldDesign MoldDesignID=3758,,
3772,OTAX012-MDID-3759,OTAX-012,42,2,3772,ACTIVE,12/2/2024,seed from tblMoldDesign MoldDesignID=3759,,
3773,OTAX011-MDID-3760,OTAX-011,42,2,3773,ACTIVE,12/2/2024,seed from tblMoldDesign MoldDesignID=3760,,
3774,DIC006M-MDID-3761,DIC-006M,141,2,3774,ACTIVE,12/2/2024,seed from tblMoldDesign MoldDesignID=3761,,
3775,DIC006T-MDID-3762,DIC-006T,141,4593,3775,ACTIVE,12/2/2024,seed from tblMoldDesign MoldDesignID=3762,,
3776,FDK001-MDID-3763,FDK-001,153,2,3776,ACTIVE,12/2/2024,seed from tblMoldDesign MoldDesignID=3763,,
3777,FDK002-MDID-3764,FDK-002,153,2,3777,ACTIVE,12/2/2024,seed from tblMoldDesign MoldDesignID=3764,,
3778,EFC001-MDID-3765,EFC-001,395,2,3778,ACTIVE,12/2/2024,seed from tblMoldDesign MoldDesignID=3765,,
3779,TE20725A-MDID-3766,TE-2-072-5A,93,2,3779,ACTIVE,12/2/2024,seed from tblMoldDesign MoldDesignID=3766,,
3780,TE20725B-MDID-3767,TE-2-072-5B,93,2,3780,ACTIVE,12/2/2024,seed from tblMoldDesign MoldDesignID=3767,,
3781,ODS036R-MDID-3769,ODS-036 R,32,2,3781,ACTIVE,12/2/2024,seed from tblMoldDesign MoldDesignID=3769,,
3782,IGB002-MDID-3770,IGB-002,171,2,3782,ACTIVE,12/2/2024,seed from tblMoldDesign MoldDesignID=3770,,
3783,TH057-MDID-3771,TH-057,243,2,3783,ACTIVE,12/2/2024,seed from tblMoldDesign MoldDesignID=3771,,
3784,TE24181831TYPE1-MDID-3772,TE-2418183-1 TYPE1,93,2,3784,ACTIVE,12/2/2024,seed from tblMoldDesign MoldDesignID=3772,,
3785,TE24181831TYPE2-MDID-3773,TE-2418183-1 TYPE2,93,2,3785,ACTIVE,12/2/2024,seed from tblMoldDesign MoldDesignID=3773,,
3786,ADV038-MDID-3774,ADV-038,110,2,3786,ACTIVE,12/2/2024,seed from tblMoldDesign MoldDesignID=3774,,
3787,TE21459-MDID-3775,TE-2-145-9,93,2,3787,ACTIVE,12/2/2024,seed from tblMoldDesign MoldDesignID=3775,,
3788,KDS124-MDID-3776,KDS-124,248,2,3788,ACTIVE,12/2/2024,seed from tblMoldDesign MoldDesignID=3776,,
3789,SJI011-MDID-3777,SJI-011,63,2,3789,ACTIVE,12/2/2024,seed from tblMoldDesign MoldDesignID=3777,,
3790,TE60736-MDID-3778,TE-6-073-6,93,2,3790,ACTIVE,12/2/2024,seed from tblMoldDesign MoldDesignID=3778,,
3791,SEW001-MDID-3779,SEW-001,396,2,3791,ACTIVE,12/2/2024,seed from tblMoldDesign MoldDesignID=3779,,
3792,TE14472871-MDID-3780,TE-1-447287-1,93,2,3792,ACTIVE,12/2/2024,seed from tblMoldDesign MoldDesignID=3780,,
3793,BSP001-MDID-3781,BSP-001,397,2,3793,ACTIVE,12/2/2024,seed from tblMoldDesign MoldDesignID=3781,,
3794,TH056-MDID-3783,TH-056,243,2496,3794,ACTIVE,12/2/2024,seed from tblMoldDesign MoldDesignID=3783,,
3795,KND003-MDID-3784,KND-003,190,2,3795,ACTIVE,12/2/2024,seed from tblMoldDesign MoldDesignID=3784,,
3796,TE91304-MDID-3785,TE-9-130-4,93,2,3796,ACTIVE,12/2/2024,seed from tblMoldDesign MoldDesignID=3785,,
3797,A3C002-MDID-3786,A3C-002,398,2,3797,ACTIVE,12/2/2024,seed from tblMoldDesign MoldDesignID=3786,,
3798,TE023-MDID-3787,TE-023,93,2,3798,ACTIVE,12/2/2024,seed from tblMoldDesign MoldDesignID=3787,,
3799,TE71741-MDID-3788,TE-7-174-1,93,2,3799,ACTIVE,12/2/2024,seed from tblMoldDesign MoldDesignID=3788,,
3800,TMT001-MDID-3789,TMT-001,399,2,3800,ACTIVE,12/2/2024,seed from tblMoldDesign MoldDesignID=3789,,
3801,OPK001-MDID-3790,OPK-001,400,2,3801,ACTIVE,12/2/2024,seed from tblMoldDesign MoldDesignID=3790,,
3802,MSP002-MDID-3791,MSP-002,401,2,3802,ACTIVE,12/2/2024,seed from tblMoldDesign MoldDesignID=3791,,
3803,SWT002-MDID-3792,SWT-002,366,2,3803,ACTIVE,12/2/2024,seed from tblMoldDesign MoldDesignID=3792,,
3804,OOT029-MDID-3793,OOT-029,38,2,3804,ACTIVE,12/2/2024,seed from tblMoldDesign MoldDesignID=3793,,
3805,OMG004-MDID-3794,OMG-004,36,2,3805,ACTIVE,12/2/2024,seed from tblMoldDesign MoldDesignID=3794,,
3806,ADV030-MDID-3796,ADV-030,110,2,3806,ACTIVE,12/2/2024,seed from tblMoldDesign MoldDesignID=3796,,
3807,SHT001-MDID-3797,SHT-001,61,2,3807,ACTIVE,12/2/2024,seed from tblMoldDesign MoldDesignID=3797,,
3808,SIT008-MDID-3798,SIT-008,62,2,3808,ACTIVE,12/2/2024,seed from tblMoldDesign MoldDesignID=3798,,
3809,TH007-MDID-3799,TH-007,243,2,3809,ACTIVE,12/2/2024,seed from tblMoldDesign MoldDesignID=3799,,
3810,A3C001-MDID-3800,A3C-001,398,2,3810,ACTIVE,12/2/2024,seed from tblMoldDesign MoldDesignID=3800,,
3811,TE60749-MDID-3801,TE-6-074-9,93,2,3811,ACTIVE,12/2/2024,seed from tblMoldDesign MoldDesignID=3801,,
3812,TE91422-MDID-3802,TE-9-142-2,93,2,3812,ACTIVE,12/2/2024,seed from tblMoldDesign MoldDesignID=3802,,
3813,NGT003-MDID-3803,NGT-003,19,2,3813,ACTIVE,12/2/2024,seed from tblMoldDesign MoldDesignID=3803,,
3814,TE31435-MDID-3804,TE-3-143-5,93,2,3814,ACTIVE,12/2/2024,seed from tblMoldDesign MoldDesignID=3804,,
3815,TE91432-MDID-3805,TE-9-143-2,93,2,3815,ACTIVE,12/2/2024,seed from tblMoldDesign MoldDesignID=3805,,
3816,KKG004-MDID-3806,KKG-004,187,2,3816,ACTIVE,12/2/2024,seed from tblMoldDesign MoldDesignID=3806,,
3817,TMC004-MDID-3807,TMC-004,100,2,3817,ACTIVE,12/2/2024,seed from tblMoldDesign MoldDesignID=3807,,
3818,SIT009-MDID-3808,SIT-009,62,2,3818,ACTIVE,12/2/2024,seed from tblMoldDesign MoldDesignID=3808,,
3819,ADY116-MDID-3809,ADY-116,111,2,3819,ACTIVE,12/2/2024,seed from tblMoldDesign MoldDesignID=3809,,
3820,KOS004-MDID-3810,KOS-004,195,2,3820,ACTIVE,12/2/2024,seed from tblMoldDesign MoldDesignID=3810,,
3821,ESJ001-MDID-3811,ESJ-001,343,2,3821,ACTIVE,12/2/2024,seed from tblMoldDesign MoldDesignID=3811,,
3822,MTY001-MDID-3812,MTY-001,402,2,3822,ACTIVE,12/2/2024,seed from tblMoldDesign MoldDesignID=3812,,
3823,KOK005-MDID-3813,KOK-005,193,2,3823,ACTIVE,12/2/2024,seed from tblMoldDesign MoldDesignID=3813,,
3824,KND015-MDID-3814,KND-015,190,2,3824,ACTIVE,12/2/2024,seed from tblMoldDesign MoldDesignID=3814,,
3825,KDS128-MDID-3815,KDS-128,248,2,3825,ACTIVE,12/2/2024,seed from tblMoldDesign MoldDesignID=3815,,
3826,TMT002-MDID-3816,TMT-002,399,2,3826,ACTIVE,12/2/2024,seed from tblMoldDesign MoldDesignID=3816,,
3827,TBG029-MDID-3817,TBG-029,90,2,3827,ACTIVE,12/2/2024,seed from tblMoldDesign MoldDesignID=3817,,
3828,TBG021-MDID-3818,TBG-021,90,2,3828,ACTIVE,12/2/2024,seed from tblMoldDesign MoldDesignID=3818,,
3829,TE91577-MDID-3819,TE-9-157-7,93,2,3829,ACTIVE,12/2/2024,seed from tblMoldDesign MoldDesignID=3819,,
3830,TE23074451-MDID-3820,TE-2307445-1,93,2,3830,ACTIVE,12/2/2024,seed from tblMoldDesign MoldDesignID=3820,,
3831,SIT004-MDID-3822,SIT-004,62,2,3831,ACTIVE,12/2/2024,seed from tblMoldDesign MoldDesignID=3822,,
3832,KND016-MDID-3823,KND-016,190,2,3832,ACTIVE,12/2/2024,seed from tblMoldDesign MoldDesignID=3823,,
3833,SLK131-MDID-3825,SLK-131,70,2,3833,ACTIVE,12/3/2024,seed from tblMoldDesign MoldDesignID=3825,,
3834,SLK137-MDID-3826,SLK-137,70,2,3834,ACTIVE,12/3/2024,seed from tblMoldDesign MoldDesignID=3826,,
3835,SLK139R-MDID-3827,SLK-139 R,70,,3835,ACTIVE,3/10/2026,seed from tblMoldDesign MoldDesignID=3827,,
3836,SLK132-MDID-3828,SLK-132,70,,3836,ACTIVE,12/3/2024,seed from tblMoldDesign MoldDesignID=3828,,
3837,SLK134-MDID-3829,SLK-134,70,,3837,ACTIVE,12/3/2024,seed from tblMoldDesign MoldDesignID=3829,,
3838,SLK138-MDID-3830,SLK-138,70,2,3838,ACTIVE,12/3/2024,seed from tblMoldDesign MoldDesignID=3830,,
3839,SLK135-MDID-3831,SLK-135,70,2,3839,ACTIVE,12/3/2024,seed from tblMoldDesign MoldDesignID=3831,,
3840,SLK140-MDID-3832,SLK-140,70,,3840,ACTIVE,12/3/2024,seed from tblMoldDesign MoldDesignID=3832,,
3841,SLK129-MDID-3833,SLK-129,70,,3841,ACTIVE,12/3/2024,seed from tblMoldDesign MoldDesignID=3833,,
3842,SLK123-MDID-3834,SLK-123,70,,3842,ACTIVE,12/3/2024,seed from tblMoldDesign MoldDesignID=3834,,
3843,SLK136-MDID-3835,SLK-136,70,,3843,ACTIVE,12/3/2024,seed from tblMoldDesign MoldDesignID=3835,,
3844,SLK116-MDID-3836,SLK-116,70,,3844,ACTIVE,12/3/2024,seed from tblMoldDesign MoldDesignID=3836,,
3845,SLK125-MDID-3837,SLK-125,70,,3845,ACTIVE,12/3/2024,seed from tblMoldDesign MoldDesignID=3837,,
3846,SLK141-MDID-3838,SLK-141,70,,3846,ACTIVE,12/3/2024,seed from tblMoldDesign MoldDesignID=3838,,
3847,SLK133-MDID-3839,SLK-133,70,,3847,ACTIVE,12/3/2024,seed from tblMoldDesign MoldDesignID=3839,,
3848,OTP004-MDID-3840,OTP-004,403,,3848,ACTIVE,12/3/2024,seed from tblMoldDesign MoldDesignID=3840,,
3849,OTP002-MDID-3841,OTP-002,403,,3849,ACTIVE,12/3/2024,seed from tblMoldDesign MoldDesignID=3841,,
3850,OTP001-MDID-3842,OTP-001,403,,3850,ACTIVE,12/3/2024,seed from tblMoldDesign MoldDesignID=3842,,
3851,OTP005-MDID-3843,OTP-005,403,,3851,ACTIVE,12/3/2024,seed from tblMoldDesign MoldDesignID=3843,,
3852,OTHER613-MDID-3844,OTHER-613,244,2,3852,ACTIVE,12/3/2024,seed from tblMoldDesign MoldDesignID=3844,,
3853,TE11452-MDID-3845,TE-1-145-2,93,2,3853,ACTIVE,12/3/2024,seed from tblMoldDesign MoldDesignID=3845,,
3854,A3C003-MDID-3846,A3C-003,398,2,3854,ACTIVE,12/3/2024,seed from tblMoldDesign MoldDesignID=3846,,
3855,TE30230B-MDID-3847,TE-3-023-0 B,93,2,3855,ACTIVE,12/3/2024,seed from tblMoldDesign MoldDesignID=3847,,
3856,TE30230A-MDID-3848,TE-3-023-0 A,93,2,3856,ACTIVE,12/3/2024,seed from tblMoldDesign MoldDesignID=3848,,
3857,SIT016-MDID-3849,SIT-016,62,1729,3857,ACTIVE,12/3/2024,seed from tblMoldDesign MoldDesignID=3849,,
3858,TE22895061-MDID-3850,TE-2289506-1,93,2,3858,ACTIVE,12/3/2024,seed from tblMoldDesign MoldDesignID=3850,,
3859,TE22895541-MDID-3851,TE-2289554-1,93,2,3859,ACTIVE,12/3/2024,seed from tblMoldDesign MoldDesignID=3851,,
3860,PS100-MDID-3852,PS-100,404,2,3860,ACTIVE,12/3/2024,seed from tblMoldDesign MoldDesignID=3852,,
3861,PS050-MDID-3853,PS-050,404,2,3861,ACTIVE,12/3/2024,seed from tblMoldDesign MoldDesignID=3853,,
3862,GMY091-MDID-3854,GMY-091,157,2,3862,ACTIVE,12/3/2024,seed from tblMoldDesign MoldDesignID=3854,,
3863,EFC002-MDID-3855,EFC-002,395,2,3863,ACTIVE,12/3/2024,seed from tblMoldDesign MoldDesignID=3855,,
3864,TE30668NO1-MDID-3857,TE-3-066-8 NO1,93,2,3864,ACTIVE,12/3/2024,seed from tblMoldDesign MoldDesignID=3857,,
3865,TE71627-MDID-3859,TE-7-162-7,93,2,3865,ACTIVE,12/3/2024,seed from tblMoldDesign MoldDesignID=3859,,
3866,KDS117-MDID-3860,KDS-117,248,2,3866,ACTIVE,12/3/2024,seed from tblMoldDesign MoldDesignID=3860,,
3867,TE24210861-MDID-3861,TE-2421086-1,93,2,3867,ACTIVE,12/3/2024,seed from tblMoldDesign MoldDesignID=3861,,
3868,YCM052-MDID-3862,YCM-052,230,2,3868,ACTIVE,12/3/2024,seed from tblMoldDesign MoldDesignID=3862,,
3869,KDS062-MDID-3863,KDS-062,248,2,3869,ACTIVE,12/3/2024,seed from tblMoldDesign MoldDesignID=3863,,
3870,TE50727-MDID-3864,TE-5-072-7,93,2,3870,ACTIVE,12/3/2024,seed from tblMoldDesign MoldDesignID=3864,,
3871,TE30663-MDID-3865,TE-3-066-3,93,2,3871,ACTIVE,12/3/2024,seed from tblMoldDesign MoldDesignID=3865,,
3872,TE50728-MDID-3866,TE-5-072-8,93,2,3872,ACTIVE,12/3/2024,seed from tblMoldDesign MoldDesignID=3866,,
3873,TE50725-MDID-3867,TE-5-072-5,93,2,3873,ACTIVE,12/3/2024,seed from tblMoldDesign MoldDesignID=3867,,
3874,A3C004-MDID-3868,A3C-004,398,2,3874,ACTIVE,12/3/2024,seed from tblMoldDesign MoldDesignID=3868,,
3875,YPC001-MDID-3869,YPC-001,240,2,3875,ACTIVE,12/3/2024,seed from tblMoldDesign MoldDesignID=3869,,
3876,TCT001-MDID-3870,TCT-001,405,2,3876,ACTIVE,12/3/2024,seed from tblMoldDesign MoldDesignID=3870,,
3877,TE50729-MDID-3871,TE-5-072-9,93,2,3877,ACTIVE,12/3/2024,seed from tblMoldDesign MoldDesignID=3871,,
3878,TE50723-MDID-3872,TE-5-072-3,93,2,3878,ACTIVE,12/3/2024,seed from tblMoldDesign MoldDesignID=3872,,
3879,YPC004-MDID-3873,YPC-004,240,2,3879,ACTIVE,12/3/2024,seed from tblMoldDesign MoldDesignID=3873,,
3880,TE30596-MDID-3874,TE-3-059-6,93,2,3880,ACTIVE,12/3/2024,seed from tblMoldDesign MoldDesignID=3874,,
3881,TE40613-MDID-3875,TE-4-061-3,93,2,3881,ACTIVE,12/3/2024,seed from tblMoldDesign MoldDesignID=3875,,
3882,TE50722-MDID-3876,TE-5-072-2,93,2,3882,ACTIVE,12/3/2024,seed from tblMoldDesign MoldDesignID=3876,,
3883,SIT007-MDID-3877,SIT-007,62,2,3883,ACTIVE,12/3/2024,seed from tblMoldDesign MoldDesignID=3877,,
3884,TE11629-MDID-3878,TE-1-162-9,93,2,3884,ACTIVE,12/3/2024,seed from tblMoldDesign MoldDesignID=3878,,
3885,HIN003-MDID-3879,HIN-003,161,2,3885,ACTIVE,12/3/2024,seed from tblMoldDesign MoldDesignID=3879,,
3886,TE90787-MDID-3880,TE-9-078-7,93,2,3886,ACTIVE,12/3/2024,seed from tblMoldDesign MoldDesignID=3880,,
3887,TE91576-MDID-3881,TE-9-157-6,93,2,3887,ACTIVE,12/3/2024,seed from tblMoldDesign MoldDesignID=3881,,
3888,APF005-MDID-3882,APF-005,119,2,3888,ACTIVE,12/3/2024,seed from tblMoldDesign MoldDesignID=3882,,
3889,SMK009-MDID-3884,SMK-009,71,2,3889,ACTIVE,12/3/2024,seed from tblMoldDesign MoldDesignID=3884,,
3890,SMK034-MDID-3885,SMK-034,71,2,3890,ACTIVE,12/3/2024,seed from tblMoldDesign MoldDesignID=3885,,
3891,TSP006-MDID-3886,TSP-006,219,2,3891,ACTIVE,12/3/2024,seed from tblMoldDesign MoldDesignID=3886,,
3892,SMK012-MDID-3887,SMK-012,71,,3892,ACTIVE,12/4/2024,seed from tblMoldDesign MoldDesignID=3887,,
3893,SMK148-MDID-3888,SMK-148,71,,3893,ACTIVE,12/4/2024,seed from tblMoldDesign MoldDesignID=3888,,
3894,SMK078-MDID-3889,SMK-078,71,5153,3894,ACTIVE,12/4/2024,seed from tblMoldDesign MoldDesignID=3889,,
3895,SMK081-MDID-3890,SMK-081,71,,3895,ACTIVE,12/4/2024,seed from tblMoldDesign MoldDesignID=3890,,
3896,SMK095-MDID-3891,SMK-095,71,,3896,ACTIVE,12/4/2024,seed from tblMoldDesign MoldDesignID=3891,,
3897,SMK022-MDID-3892,SMK-022,71,,3897,ACTIVE,12/4/2024,seed from tblMoldDesign MoldDesignID=3892,,
3898,SMK021-MDID-3893,SMK-021,71,,3898,ACTIVE,12/4/2024,seed from tblMoldDesign MoldDesignID=3893,,
3899,SMK016-MDID-3894,SMK-016,71,,3899,ACTIVE,12/4/2024,seed from tblMoldDesign MoldDesignID=3894,,
3900,SMK018-MDID-3895,SMK-018,71,,3900,ACTIVE,12/4/2024,seed from tblMoldDesign MoldDesignID=3895,,
3901,SMK064-MDID-3896,SMK-064,71,,3901,ACTIVE,12/4/2024,seed from tblMoldDesign MoldDesignID=3896,,
3902,SMK077-MDID-3897,SMK-077,71,,3902,ACTIVE,12/4/2024,seed from tblMoldDesign MoldDesignID=3897,,
3903,SMK170-MDID-3898,SMK-170,71,,3903,ACTIVE,12/4/2024,seed from tblMoldDesign MoldDesignID=3898,,
3904,ADY030-MDID-3899,ADY-030,111,,3904,ACTIVE,12/4/2024,seed from tblMoldDesign MoldDesignID=3899,,
3905,SMK024-MDID-3900,SMK-024,71,,3905,ACTIVE,12/4/2024,seed from tblMoldDesign MoldDesignID=3900,,
3906,SMK035-MDID-3901,SMK-035,71,,3906,ACTIVE,12/4/2024,seed from tblMoldDesign MoldDesignID=3901,,
3907,SMK063-MDID-3902,SMK-063,71,,3907,ACTIVE,12/4/2024,seed from tblMoldDesign MoldDesignID=3902,,
3908,SMK072-MDID-3903,SMK-072,71,,3908,ACTIVE,12/4/2024,seed from tblMoldDesign MoldDesignID=3903,,
3909,SMK067-MDID-3904,SMK-067,71,,3909,ACTIVE,12/4/2024,seed from tblMoldDesign MoldDesignID=3904,,
3910,SMK073-MDID-3905,SMK-073,71,,3910,ACTIVE,12/4/2024,seed from tblMoldDesign MoldDesignID=3905,,
3911,SMK069-MDID-3906,SMK-069,71,,3911,ACTIVE,12/4/2024,seed from tblMoldDesign MoldDesignID=3906,,
3912,SMK080-MDID-3907,SMK-080,71,,3912,ACTIVE,12/4/2024,seed from tblMoldDesign MoldDesignID=3907,,
3913,SMK065-MDID-3908,SMK-065,71,4703,3913,ACTIVE,12/4/2024,seed from tblMoldDesign MoldDesignID=3908,,
3914,SMK057-MDID-3909,SMK-057,71,4704,3914,ACTIVE,12/4/2024,seed from tblMoldDesign MoldDesignID=3909,,
3915,SMK082-MDID-3910,SMK-082,71,4705,3915,ACTIVE,12/4/2024,seed from tblMoldDesign MoldDesignID=3910,,
3916,SMK002-MDID-3911,SMK-002,71,4706,3916,ACTIVE,12/4/2024,seed from tblMoldDesign MoldDesignID=3911,,
3917,SMK083xx-MDID-3912,SMK-083xx,71,4707,3917,ACTIVE,12/4/2024,seed from tblMoldDesign MoldDesignID=3912,,
3918,SMK084-MDID-3915,SMK-084,71,4710,3918,ACTIVE,12/4/2024,seed from tblMoldDesign MoldDesignID=3915,,
3919,SMK062-MDID-3916,SMK-062,71,4711,3919,ACTIVE,12/4/2024,seed from tblMoldDesign MoldDesignID=3916,,
3920,TE91038-MDID-3918,TE-9-103-8,93,4713,3920,ACTIVE,12/4/2024,seed from tblMoldDesign MoldDesignID=3918,,
3921,TE31568-MDID-3919,TE-3-156-8,93,4714,3921,ACTIVE,12/4/2024,seed from tblMoldDesign MoldDesignID=3919,,
3922,TE41565-MDID-3920,TE-4-156-5,93,4715,3922,ACTIVE,12/4/2024,seed from tblMoldDesign MoldDesignID=3920,,
3923,TE71572-MDID-3921,TE-7-157-2,93,4716,3923,ACTIVE,12/4/2024,seed from tblMoldDesign MoldDesignID=3921,,
3924,MSP001-MDID-3922,MSP-001,401,4717,3924,ACTIVE,12/4/2024,seed from tblMoldDesign MoldDesignID=3922,,
3925,TE21456-MDID-3923,TE-2-145-6,93,4718,3925,ACTIVE,12/4/2024,seed from tblMoldDesign MoldDesignID=3923,,
3926,KSP127-MDID-3924,KSP-127,199,4719,3926,ACTIVE,12/4/2024,seed from tblMoldDesign MoldDesignID=3924,,
3927,TE016-MDID-3925,TE-016,93,4720,3927,ACTIVE,12/4/2024,seed from tblMoldDesign MoldDesignID=3925,,
3928,TE004-MDID-3926,TE-004,93,4721,3928,ACTIVE,12/4/2024,seed from tblMoldDesign MoldDesignID=3926,,
3929,TE021-MDID-3927,TE-021,93,4722,3929,ACTIVE,12/4/2024,seed from tblMoldDesign MoldDesignID=3927,,
3930,TE81309-MDID-3928,TE-8-130-9,93,4723,3930,ACTIVE,12/4/2024,seed from tblMoldDesign MoldDesignID=3928,,
3931,TE81306-MDID-3929,TE-8-130-6,93,4724,3931,ACTIVE,12/4/2024,seed from tblMoldDesign MoldDesignID=3929,,
3932,DIC153-MDID-3930,DIC-153,141,4730,3932,ACTIVE,12/4/2024,seed from tblMoldDesign MoldDesignID=3930,,
3933,KSC004-MDID-3931,KSC-004,197,4734,3933,ACTIVE,12/5/2024,seed from tblMoldDesign MoldDesignID=3931,,
3934,ADV036-MDID-3932,ADV-036,110,4734,3934,ACTIVE,12/5/2024,seed from tblMoldDesign MoldDesignID=3932,,
3935,TE11085-MDID-3933,TE-1-108-5,93,4734,3935,ACTIVE,12/5/2024,seed from tblMoldDesign MoldDesignID=3933,,
3936,TE40757-MDID-3934,TE-4-075-7,93,4734,3936,ACTIVE,12/5/2024,seed from tblMoldDesign MoldDesignID=3934,,
3937,TE22895291-MDID-3935,TE-2289529-1,93,4734,3937,ACTIVE,12/5/2024,seed from tblMoldDesign MoldDesignID=3935,,
3938,TE10742-MDID-3936,TE-1-074-2,93,4734,3938,ACTIVE,12/5/2024,seed from tblMoldDesign MoldDesignID=3936,,
3939,TE22895481-MDID-3937,TE-2289548-1,93,4734,3939,ACTIVE,12/5/2024,seed from tblMoldDesign MoldDesignID=3937,,
3940,TE22895381-MDID-3938,TE-2289538-1,93,4734,3940,ACTIVE,12/5/2024,seed from tblMoldDesign MoldDesignID=3938,,
3941,DIC156-MDID-3939,DIC-156,141,4735,3941,ACTIVE,12/5/2024,seed from tblMoldDesign MoldDesignID=3939,,
3942,DIC157-MDID-3940,DIC-157,141,4736,3942,ACTIVE,12/6/2024,seed from tblMoldDesign MoldDesignID=3940,,
3943,YCM036R-MDID-3941,YCM-036 R,230,2715,3943,ACTIVE,12/6/2024,seed from tblMoldDesign MoldDesignID=3941,,
3944,SSK007-MDID-3942,SSK-007,80,4734,3944,ACTIVE,12/6/2024,seed from tblMoldDesign MoldDesignID=3942,,
3945,TE22895131-MDID-3943,TE-2289513-1,93,4734,3945,ACTIVE,12/6/2024,seed from tblMoldDesign MoldDesignID=3943,,
3946,TE22895301-MDID-3944,TE-2289530-1,93,4734,3946,ACTIVE,12/6/2024,seed from tblMoldDesign MoldDesignID=3944,,
3947,TE10743-MDID-3945,TE-1-074-3,93,4734,3947,ACTIVE,12/6/2024,seed from tblMoldDesign MoldDesignID=3945,,
3948,TE22895561-MDID-3946,TE-2289556-1,93,4734,3948,ACTIVE,12/6/2024,seed from tblMoldDesign MoldDesignID=3946,,
3949,TE81424-MDID-3947,TE-8-142-4,93,4734,3949,ACTIVE,12/6/2024,seed from tblMoldDesign MoldDesignID=3947,,
3950,CK001-MDID-3948,CK-001,135,4734,3950,ACTIVE,12/6/2024,seed from tblMoldDesign MoldDesignID=3948,,
3951,CK002-MDID-3949,CK-002,135,4734,3951,ACTIVE,12/6/2024,seed from tblMoldDesign MoldDesignID=3949,,
3952,TE91430-MDID-3950,TE-9-143-0,93,4734,3952,ACTIVE,12/6/2024,seed from tblMoldDesign MoldDesignID=3950,,
3953,TE91301-MDID-3951,TE-9-130-1,93,4734,3953,ACTIVE,12/6/2024,seed from tblMoldDesign MoldDesignID=3951,,
3954,TE91305-MDID-3952,TE-9-130-5,93,4734,3954,ACTIVE,12/6/2024,seed from tblMoldDesign MoldDesignID=3952,,
3955,TE91303-MDID-3953,TE-9-130-3,93,4734,3955,ACTIVE,12/6/2024,seed from tblMoldDesign MoldDesignID=3953,,
3956,YCM063-MDID-3954,YCM-063,230,4734,3956,ACTIVE,12/6/2024,seed from tblMoldDesign MoldDesignID=3954,,
3957,YCM062-MDID-3955,YCM-062,230,4734,3957,ACTIVE,12/6/2024,seed from tblMoldDesign MoldDesignID=3955,,
3958,TE11301-MDID-3956,TE-1-130-1,93,4734,3958,ACTIVE,12/6/2024,seed from tblMoldDesign MoldDesignID=3956,,
3959,TE21430-MDID-3957,TE-2-143-0,93,4734,3959,ACTIVE,12/6/2024,seed from tblMoldDesign MoldDesignID=3957,,
3960,TE11083-MDID-3958,TE-1-108-3,93,4734,3960,ACTIVE,12/6/2024,seed from tblMoldDesign MoldDesignID=3958,,
3961,TE11084-MDID-3959,TE-1-108-4,93,4734,3961,ACTIVE,12/6/2024,seed from tblMoldDesign MoldDesignID=3959,,
3962,TE91306-MDID-3961,TE-9-130-6,93,4734,3962,ACTIVE,12/6/2024,seed from tblMoldDesign MoldDesignID=3961,,
3963,TE28226611-MDID-3962,TE-2822661-1,93,4734,3963,ACTIVE,12/6/2024,seed from tblMoldDesign MoldDesignID=3962,,
3964,SMK150-MDID-3963,SMK-150,71,4734,3964,ACTIVE,12/6/2024,seed from tblMoldDesign MoldDesignID=3963,,
3965,SMK159-MDID-3964,SMK-159,71,4734,3965,ACTIVE,12/6/2024,seed from tblMoldDesign MoldDesignID=3964,,
3966,SMK201-MDID-3965,SMK-201,71,4734,3966,ACTIVE,12/6/2024,seed from tblMoldDesign MoldDesignID=3965,,
3967,SMK145-MDID-3966,SMK-145,71,4734,3967,ACTIVE,12/6/2024,seed from tblMoldDesign MoldDesignID=3966,,
3968,SMK154-MDID-3967,SMK-154,71,4734,3968,ACTIVE,12/6/2024,seed from tblMoldDesign MoldDesignID=3967,,
3969,SMK102-MDID-3968,SMK-102,71,4734,3969,ACTIVE,12/6/2024,seed from tblMoldDesign MoldDesignID=3968,,
3970,SMK083-MDID-3969,SMK-083,71,4734,3970,ACTIVE,12/9/2024,seed from tblMoldDesign MoldDesignID=3969,,
3971,SMK172-MDID-3970,SMK-172,71,4734,3971,ACTIVE,12/9/2024,seed from tblMoldDesign MoldDesignID=3970,,
3972,SMK165-MDID-3971,SMK-165,71,4734,3972,ACTIVE,12/9/2024,seed from tblMoldDesign MoldDesignID=3971,,
3973,SMK046-MDID-3972,SMK-046,71,4734,3973,ACTIVE,12/9/2024,seed from tblMoldDesign MoldDesignID=3972,,
3974,SMK195-MDID-3973,SMK-195,71,4734,3974,ACTIVE,12/9/2024,seed from tblMoldDesign MoldDesignID=3973,,
3975,SMK199-MDID-3974,SMK-199,71,4734,3975,ACTIVE,12/9/2024,seed from tblMoldDesign MoldDesignID=3974,,
3976,SMK179-MDID-3975,SMK-179,71,4734,3976,ACTIVE,12/9/2024,seed from tblMoldDesign MoldDesignID=3975,,
3977,SMK098-MDID-3976,SMK-098,71,4734,3977,ACTIVE,12/9/2024,seed from tblMoldDesign MoldDesignID=3976,,
3978,DIC072-MDID-3977,DIC-072,141,4734,3978,ACTIVE,12/9/2024,seed from tblMoldDesign MoldDesignID=3977,,
3979,DIC124-MDID-3978,DIC-124,141,4734,3979,ACTIVE,12/9/2024,seed from tblMoldDesign MoldDesignID=3978,,
3980,DIC123-MDID-3979,DIC-123,141,4734,3980,ACTIVE,12/9/2024,seed from tblMoldDesign MoldDesignID=3979,,
3981,DIC027-MDID-3980,DIC-027,141,4734,3981,ACTIVE,12/9/2024,seed from tblMoldDesign MoldDesignID=3980,,
3982,DIC019R-MDID-3982,DIC-019 R,141,303,3982,ACTIVE,12/9/2024,seed from tblMoldDesign MoldDesignID=3982,,
3983,DIC020-MDID-3983,DIC-020,141,4734,3983,ACTIVE,12/9/2024,seed from tblMoldDesign MoldDesignID=3983,,
3984,DIC080-MDID-3984,DIC-080,141,4734,3984,ACTIVE,12/9/2024,seed from tblMoldDesign MoldDesignID=3984,,
3985,DIC071-MDID-3985,DIC-071,141,4734,3985,ACTIVE,12/9/2024,seed from tblMoldDesign MoldDesignID=3985,,
3986,DIC081-MDID-3986,DIC-081,141,4734,3986,ACTIVE,12/9/2024,seed from tblMoldDesign MoldDesignID=3986,,
3987,DIC069-MDID-3987,DIC-069,141,4734,3987,ACTIVE,12/9/2024,seed from tblMoldDesign MoldDesignID=3987,,
3988,DIC128-MDID-3988,DIC-128,141,4734,3988,ACTIVE,12/9/2024,seed from tblMoldDesign MoldDesignID=3988,,
3989,DIC025-MDID-3989,DIC-025,141,4734,3989,ACTIVE,12/9/2024,seed from tblMoldDesign MoldDesignID=3989,,
3990,DIC079-MDID-3990,DIC-079,141,4734,3990,ACTIVE,12/9/2024,seed from tblMoldDesign MoldDesignID=3990,,
3991,DIC191-MDID-3991,DIC-191,141,4734,3991,ACTIVE,12/9/2024,seed from tblMoldDesign MoldDesignID=3991,,
3992,DIC182-MDID-3992,DIC-182,141,4734,3992,ACTIVE,12/9/2024,seed from tblMoldDesign MoldDesignID=3992,,
3993,DIC103-MDID-3993,DIC-103,141,4734,3993,ACTIVE,12/9/2024,seed from tblMoldDesign MoldDesignID=3993,,
3994,DIC163-MDID-3994,DIC-163,141,4734,3994,ACTIVE,12/9/2024,seed from tblMoldDesign MoldDesignID=3994,,
3995,DIC035-MDID-3995,DIC-035,141,4734,3995,ACTIVE,12/9/2024,seed from tblMoldDesign MoldDesignID=3995,,
3996,DIC073-MDID-3996,DIC-073,141,4734,3996,ACTIVE,12/9/2024,seed from tblMoldDesign MoldDesignID=3996,,
3997,DIC032-MDID-3997,DIC-032,141,4734,3997,ACTIVE,12/9/2024,seed from tblMoldDesign MoldDesignID=3997,,
3998,DIC082-MDID-3998,DIC-082,141,4734,3998,ACTIVE,12/9/2024,seed from tblMoldDesign MoldDesignID=3998,,
3999,DIC029-MDID-3999,DIC-029,141,4734,3999,ACTIVE,12/9/2024,seed from tblMoldDesign MoldDesignID=3999,,
4000,DIC034-MDID-4000,DIC-034,141,4734,4000,ACTIVE,12/9/2024,seed from tblMoldDesign MoldDesignID=4000,,
4001,SMK157-MDID-4001,SMK-157,71,4734,4001,ACTIVE,12/9/2024,seed from tblMoldDesign MoldDesignID=4001,,
4002,SMK206-MDID-4002,SMK-206,71,4734,4002,ACTIVE,12/9/2024,seed from tblMoldDesign MoldDesignID=4002,,
4003,SMK196-MDID-4003,SMK-196,71,4734,4003,ACTIVE,12/9/2024,seed from tblMoldDesign MoldDesignID=4003,,
4004,SMK076R-MDID-4004,SMK-076 R,71,4734,4004,ACTIVE,12/9/2024,seed from tblMoldDesign MoldDesignID=4004,,
4005,SMK101-MDID-4005,SMK-101,71,4734,4005,ACTIVE,12/9/2024,seed from tblMoldDesign MoldDesignID=4005,,
4006,SMK136-MDID-4006,SMK-136,71,4734,4006,ACTIVE,12/9/2024,seed from tblMoldDesign MoldDesignID=4006,,
4007,SMK197-MDID-4007,SMK-197,71,4734,4007,ACTIVE,12/9/2024,seed from tblMoldDesign MoldDesignID=4007,,
4008,SMK173-MDID-4008,SMK-173,71,4734,4008,ACTIVE,12/9/2024,seed from tblMoldDesign MoldDesignID=4008,,
4009,SMK153-MDID-4009,SMK-153,71,4734,4009,ACTIVE,12/9/2024,seed from tblMoldDesign MoldDesignID=4009,,
4010,SMK105-MDID-4010,SMK-105,71,4734,4010,ACTIVE,12/9/2024,seed from tblMoldDesign MoldDesignID=4010,,
4011,SMK190-MDID-4011,SMK-190,71,4734,4011,ACTIVE,12/9/2024,seed from tblMoldDesign MoldDesignID=4011,,
4012,SMK138-MDID-4012,SMK-138,71,4734,4012,ACTIVE,12/9/2024,seed from tblMoldDesign MoldDesignID=4012,,
4013,HSK060-MDID-4013,HSK-060,168,2,4013,ACTIVE,12/9/2024,seed from tblMoldDesign MoldDesignID=4013,,
4014,HSK046-MDID-4014,HSK-046,168,2,4014,ACTIVE,12/9/2024,seed from tblMoldDesign MoldDesignID=4014,,
4015,HSK047-MDID-4015,HSK-047,168,2,4015,ACTIVE,12/9/2024,seed from tblMoldDesign MoldDesignID=4015,,
4016,MZT052-MDID-4016,MZT-052,12,2,4016,ACTIVE,12/9/2024,seed from tblMoldDesign MoldDesignID=4016,,
4017,TE61105-MDID-4017,TE-6-110-5,93,2,4017,ACTIVE,12/9/2024,seed from tblMoldDesign MoldDesignID=4017,,
4018,NPC005-MDID-4018,NPC-005,25,2,4018,ACTIVE,12/9/2024,seed from tblMoldDesign MoldDesignID=4018,,
4019,NPC006-MDID-4020,NPC-006,25,2,4019,ACTIVE,12/9/2024,seed from tblMoldDesign MoldDesignID=4020,,
4020,NPC007-MDID-4021,NPC-007,25,2,4020,ACTIVE,12/9/2024,seed from tblMoldDesign MoldDesignID=4021,,
4021,NPC008-MDID-4022,NPC-008,25,2,4021,ACTIVE,12/9/2024,seed from tblMoldDesign MoldDesignID=4022,,
4022,NPC009-MDID-4023,NPC-009,25,2,4022,ACTIVE,12/9/2024,seed from tblMoldDesign MoldDesignID=4023,,
4023,NPC010-MDID-4024,NPC-010,25,2,4023,ACTIVE,12/9/2024,seed from tblMoldDesign MoldDesignID=4024,,
4024,PT525-MDID-4026,PT-5-25,407,2,4024,ACTIVE,12/9/2024,seed from tblMoldDesign MoldDesignID=4026,,
4025,PT540-MDID-4028,PT-5-40,407,2,4025,ACTIVE,12/9/2024,seed from tblMoldDesign MoldDesignID=4028,,
4026,GW2KR1100-MDID-4029,GW-2K-R1-100,408,2,4026,ACTIVE,12/9/2024,seed from tblMoldDesign MoldDesignID=4029,,
4027,YSDG-MDID-4030,YSD-G,108,2,4027,ACTIVE,12/9/2024,seed from tblMoldDesign MoldDesignID=4030,,
4028,ODS002-MDID-4031,ODS-002,32,2,4028,ACTIVE,12/9/2024,seed from tblMoldDesign MoldDesignID=4031,,
4029,ELP030-MDID-4032,ELP-030,341,2,4029,ACTIVE,12/9/2024,seed from tblMoldDesign MoldDesignID=4032,,
4030,SK003-MDID-4033,SK-003,65,2,4030,ACTIVE,12/9/2024,seed from tblMoldDesign MoldDesignID=4033,,
4031,TE71300-MDID-4034,TE-7-130-0,93,2,4031,ACTIVE,12/9/2024,seed from tblMoldDesign MoldDesignID=4034,,
4032,TE81035-MDID-4035,TE-8-103-5,93,2,4032,ACTIVE,12/9/2024,seed from tblMoldDesign MoldDesignID=4035,,
4033,TE20456-MDID-4036,TE-2-045-6,93,2,4033,ACTIVE,12/9/2024,seed from tblMoldDesign MoldDesignID=4036,,
4034,TE194-MDID-4038,TE-194,93,4759,4034,ACTIVE,12/9/2024,seed from tblMoldDesign MoldDesignID=4038,,
4035,TE00731-MDID-4040,TE-0-073-1,93,,4035,ACTIVE,12/9/2024,seed from tblMoldDesign MoldDesignID=4040,,
4036,TE20761-MDID-4042,TE-2-076-1,93,,4036,ACTIVE,12/9/2024,seed from tblMoldDesign MoldDesignID=4042,,
4037,TE50772-MDID-4043,TE-5-077-2,93,,4037,ACTIVE,12/9/2024,seed from tblMoldDesign MoldDesignID=4043,,
4038,TE60766-MDID-4044,TE-6-076-6,93,,4038,ACTIVE,12/9/2024,seed from tblMoldDesign MoldDesignID=4044,,
4039,TE70725-MDID-4045,TE-7-072-5,93,,4039,ACTIVE,12/9/2024,seed from tblMoldDesign MoldDesignID=4045,,
4040,YSDD-MDID-4050,YSD-D,108,2,4040,ACTIVE,12/9/2024,seed from tblMoldDesign MoldDesignID=4050,,
4041,ADV004-MDID-4051,ADV-004,110,2,4041,ACTIVE,12/9/2024,seed from tblMoldDesign MoldDesignID=4051,,
4042,SK017-MDID-4052,SK-017,65,2,4042,ACTIVE,12/9/2024,seed from tblMoldDesign MoldDesignID=4052,,
4043,SK018-MDID-4053,SK-018,65,2,4043,ACTIVE,12/9/2024,seed from tblMoldDesign MoldDesignID=4053,,
4044,SK022-MDID-4054,SK-022,65,2,4044,ACTIVE,12/9/2024,seed from tblMoldDesign MoldDesignID=4054,,
4045,ELP010-MDID-4055,ELP-010,341,2,4045,ACTIVE,12/9/2024,seed from tblMoldDesign MoldDesignID=4055,,
4046,TE70743-MDID-4056,TE-7-074-3,93,2,4046,ACTIVE,12/9/2024,seed from tblMoldDesign MoldDesignID=4056,,
4047,TE70744-MDID-4057,TE-7-074-4,93,2,4047,ACTIVE,12/9/2024,seed from tblMoldDesign MoldDesignID=4057,,
4048,TE30230-MDID-4058,TE-3-023-0,93,2,4048,ACTIVE,12/9/2024,seed from tblMoldDesign MoldDesignID=4058,,
4049,TE40233-MDID-4059,TE-4-023-3,93,2,4049,ACTIVE,12/9/2024,seed from tblMoldDesign MoldDesignID=4059,,
4050,TE31610-MDID-4060,TE-3-161-0,93,2,4050,ACTIVE,12/9/2024,seed from tblMoldDesign MoldDesignID=4060,,
4051,ADV192-MDID-4061,ADV-192,110,2,4051,ACTIVE,12/9/2024,seed from tblMoldDesign MoldDesignID=4061,,
4052,CST010-MDID-4063,CST-010,138,2,4052,ACTIVE,12/9/2024,seed from tblMoldDesign MoldDesignID=4063,,
4053,CST011-MDID-4064,CST-011,138,2,4053,ACTIVE,12/9/2024,seed from tblMoldDesign MoldDesignID=4064,,
4054,DIC021-MDID-4065,DIC-021,141,2,4054,ACTIVE,12/9/2024,seed from tblMoldDesign MoldDesignID=4065,,
4055,TE01306-MDID-4066,TE-0-130-6,93,2,4055,ACTIVE,12/9/2024,seed from tblMoldDesign MoldDesignID=4066,,
4056,NPC001-MDID-4067,NPC-001,25,2,4056,ACTIVE,12/9/2024,seed from tblMoldDesign MoldDesignID=4067,,
4057,KDS042-MDID-4068,KDS-042,248,2,4057,ACTIVE,12/9/2024,seed from tblMoldDesign MoldDesignID=4068,,
4058,ADV001-MDID-4069,ADV-001,110,2,4058,ACTIVE,12/9/2024,seed from tblMoldDesign MoldDesignID=4069,,
4059,SMK161R-MDID-4070,SMK-161 R,71,2,4059,ACTIVE,12/9/2024,seed from tblMoldDesign MoldDesignID=4070,,
4060,RS00101R-MDID-4071,RS-001-01 R,409,2,4060,ACTIVE,12/9/2024,seed from tblMoldDesign MoldDesignID=4071,,
4061,MOK005-MDID-4072,MOK-005,2,2,4061,ACTIVE,12/9/2024,seed from tblMoldDesign MoldDesignID=4072,,
4062,SMK087-MDID-4073,SMK-087,71,,4062,ACTIVE,12/9/2024,seed from tblMoldDesign MoldDesignID=4073,,
4063,YMT011-MDID-4074,YMT-011,238,,4063,ACTIVE,12/9/2024,seed from tblMoldDesign MoldDesignID=4074,,
4064,DIC154-MDID-4075,DIC-154,141,4784,4064,ACTIVE,12/10/2024,seed from tblMoldDesign MoldDesignID=4075,,
4065,TKS020-MDID-4076,TKS-020,99,2,4065,ACTIVE,12/10/2024,seed from tblMoldDesign MoldDesignID=4076,,
4066,TE61598D-MDID-4078,TE-6-159-8D,93,4786,4066,ACTIVE,12/12/2024,seed from tblMoldDesign MoldDesignID=4078,,
4067,DIC155-MDID-4079,DIC-155,141,4787,4067,ACTIVE,12/13/2024,seed from tblMoldDesign MoldDesignID=4079,,
4068,TE11631R2-MDID-4080,TE-1-163-1 R2,93,7,4068,ACTIVE,12/14/2024,seed from tblMoldDesign MoldDesignID=4080,,
4069,TE11632R4-MDID-4081,TE-1-163-2 R4,93,8,4069,ACTIVE,12/16/2024,seed from tblMoldDesign MoldDesignID=4081,,
4070,KBY002R1-MDID-4082,KBY-002 R1,183,2,4070,ACTIVE,12/16/2024,seed from tblMoldDesign MoldDesignID=4082,,
4071,TE91627R4-MDID-4083,TE-9-162-7 R4,93,68,4071,ACTIVE,12/19/2024,seed from tblMoldDesign MoldDesignID=4083,,
4072,ASH008D-MDID-4086,ASH-008D,123,4791,4072,ACTIVE,12/20/2024,seed from tblMoldDesign MoldDesignID=4086,,
4073,TE61597R4-MDID-4088,TE-6-159-7 R4,93,48,4073,ACTIVE,12/23/2024,seed from tblMoldDesign MoldDesignID=4088,,
4074,TE61598R1-MDID-4089,TE-6-159-8 R1,93,4792,4074,ACTIVE,12/24/2024,seed from tblMoldDesign MoldDesignID=4089,,
4075,ASH009D-MDID-4091,ASH-009D,123,4793,4075,ACTIVE,12/24/2024,seed from tblMoldDesign MoldDesignID=4091,,
4076,KRE013-MDID-4093,KRE-013,196,4734,4076,ACTIVE,12/27/2024,seed from tblMoldDesign MoldDesignID=4093,,
4077,-MDID-4094,TH-001,243,4734,4077,ACTIVE,12/27/2024,seed from tblMoldDesign MoldDesignID=4094,,
4078,-MDID-4095,TH-002,243,4734,4078,ACTIVE,12/27/2024,seed from tblMoldDesign MoldDesignID=4095,,
4079,-MDID-4096,TH-003,243,4734,4079,ACTIVE,12/27/2024,seed from tblMoldDesign MoldDesignID=4096,,
4080,-MDID-4097,TH-005,243,4734,4080,ACTIVE,12/27/2024,seed from tblMoldDesign MoldDesignID=4097,,
4081,JAE337-MDID-4098,JAE-337,177,4794,4081,ACTIVE,1/6/2025,seed from tblMoldDesign MoldDesignID=4098,,
4082,SIT024-MDID-4099,SIT-024,62,4795,4082,ACTIVE,1/6/2025,seed from tblMoldDesign MoldDesignID=4099,,
4083,YCM075R1-MDID-4100,YCM-075 R1,230,2744,4083,ACTIVE,1/6/2025,seed from tblMoldDesign MoldDesignID=4100,,
4084,-MDID-4101,KSE- 002R,198,4734,4084,ACTIVE,1/7/2025,seed from tblMoldDesign MoldDesignID=4101,,
4085,-MDID-4102,SK-006,65,4734,4085,ACTIVE,1/7/2025,seed from tblMoldDesign MoldDesignID=4102,,
4086,-MDID-4103,SK-013,65,4734,4086,ACTIVE,1/7/2025,seed from tblMoldDesign MoldDesignID=4103,,
4087,-MDID-4104,SK-016,65,4734,4087,ACTIVE,1/7/2025,seed from tblMoldDesign MoldDesignID=4104,,
4088,-MDID-4105,SK-021,65,4734,4088,ACTIVE,1/7/2025,seed from tblMoldDesign MoldDesignID=4105,,
4089,-MDID-4106,SK-023,65,4734,4089,ACTIVE,1/7/2025,seed from tblMoldDesign MoldDesignID=4106,,
4090,-MDID-4107,SK-025,65,4734,4090,ACTIVE,1/7/2025,seed from tblMoldDesign MoldDesignID=4107,,
4091,-MDID-4108,SK-027,65,4734,4091,ACTIVE,1/7/2025,seed from tblMoldDesign MoldDesignID=4108,,
4092,-MDID-4109,SK-032,65,4734,4092,ACTIVE,1/7/2025,seed from tblMoldDesign MoldDesignID=4109,,
4093,-MDID-4110,SK-034,65,4734,4093,ACTIVE,1/7/2025,seed from tblMoldDesign MoldDesignID=4110,,
4094,-MDID-4111,SK-038,65,4734,4094,ACTIVE,1/7/2025,seed from tblMoldDesign MoldDesignID=4111,,
4095,SK040-MDID-4112,SK-040,65,4734,4095,ACTIVE,1/7/2025,seed from tblMoldDesign MoldDesignID=4112,,
4096,SK041-MDID-4113,SK-041,65,4734,4096,ACTIVE,1/7/2025,seed from tblMoldDesign MoldDesignID=4113,,
4097,-MDID-4114,SK-044,65,4734,4097,ACTIVE,1/7/2025,seed from tblMoldDesign MoldDesignID=4114,,
4098,-MDID-4115,SK-045,65,4734,4098,ACTIVE,1/7/2025,seed from tblMoldDesign MoldDesignID=4115,,
4099,-MDID-4116,SK- 046R,65,4734,4099,ACTIVE,1/7/2025,seed from tblMoldDesign MoldDesignID=4116,,
4100,-MDID-4117,SK-047,65,4734,4100,ACTIVE,1/7/2025,seed from tblMoldDesign MoldDesignID=4117,,
4101,-MDID-4118,ADV-003,110,4734,4101,ACTIVE,1/7/2025,seed from tblMoldDesign MoldDesignID=4118,,
4102,-MDID-4119,ADV-005,110,4734,4102,ACTIVE,1/7/2025,seed from tblMoldDesign MoldDesignID=4119,,
4103,-MDID-4120,ADV-010,110,4734,4103,ACTIVE,1/7/2025,seed from tblMoldDesign MoldDesignID=4120,,
4104,-MDID-4121,ADV-011,110,4734,4104,ACTIVE,1/7/2025,seed from tblMoldDesign MoldDesignID=4121,,
4105,-MDID-4122,ADV-012,110,4734,4105,ACTIVE,1/7/2025,seed from tblMoldDesign MoldDesignID=4122,,
4106,-MDID-4123,ADV-013,110,4734,4106,ACTIVE,1/7/2025,seed from tblMoldDesign MoldDesignID=4123,,
4107,ADV016-MDID-4124,ADV-016,110,4734,4107,ACTIVE,1/7/2025,seed from tblMoldDesign MoldDesignID=4124,,
4108,-MDID-4125,ADV-020,110,4734,4108,ACTIVE,1/7/2025,seed from tblMoldDesign MoldDesignID=4125,,
4109,adv021-MDID-4126,ADV-021,110,4734,4109,ACTIVE,1/7/2025,seed from tblMoldDesign MoldDesignID=4126,,
4110,-MDID-4127,TH-020,243,4734,4110,ACTIVE,1/7/2025,seed from tblMoldDesign MoldDesignID=4127,,
4111,-MDID-4128,TH-021,243,4734,4111,ACTIVE,1/7/2025,seed from tblMoldDesign MoldDesignID=4128,,
4112,-MDID-4129,TH-025,243,4734,4112,ACTIVE,1/7/2025,seed from tblMoldDesign MoldDesignID=4129,,
4113,TH041-MDID-4130,TH-041,243,4734,4113,ACTIVE,1/7/2025,seed from tblMoldDesign MoldDesignID=4130,,
4114,-MDID-4131,TH-054,243,4734,4114,ACTIVE,1/7/2025,seed from tblMoldDesign MoldDesignID=4131,,
4115,-MDID-4132,TH-053,243,4734,4115,ACTIVE,1/7/2025,seed from tblMoldDesign MoldDesignID=4132,,
4116,-MDID-4133,TH-052,243,4734,4116,ACTIVE,1/7/2025,seed from tblMoldDesign MoldDesignID=4133,,
4117,-MDID-4134,SPJ-035,77,4734,4117,ACTIVE,1/7/2025,seed from tblMoldDesign MoldDesignID=4134,,
4118,-MDID-4135,SPJ-037,77,4734,4118,ACTIVE,1/7/2025,seed from tblMoldDesign MoldDesignID=4135,,
4119,-MDID-4136,SPJ-038,77,4734,4119,ACTIVE,1/7/2025,seed from tblMoldDesign MoldDesignID=4136,,
4120,-MDID-4137,SPJ-039,77,4734,4120,ACTIVE,1/7/2025,seed from tblMoldDesign MoldDesignID=4137,,
4121,-MDID-4138,SPJ-041,77,4734,4121,ACTIVE,1/7/2025,seed from tblMoldDesign MoldDesignID=4138,,
4122,SPJ045-MDID-4139,SPJ-045,77,4734,4122,ACTIVE,1/7/2025,seed from tblMoldDesign MoldDesignID=4139,,
4123,-MDID-4140,SPJ-049,77,4734,4123,ACTIVE,1/7/2025,seed from tblMoldDesign MoldDesignID=4140,,
4124,-MDID-4141,SPJ-042,77,4734,4124,ACTIVE,1/7/2025,seed from tblMoldDesign MoldDesignID=4141,,
4125,-MDID-4142,SPJ-050,77,4734,4125,ACTIVE,1/7/2025,seed from tblMoldDesign MoldDesignID=4142,,
4126,-MDID-4143,KRE-002,196,4734,4126,ACTIVE,1/7/2025,seed from tblMoldDesign MoldDesignID=4143,,
4127,-MDID-4144,KRE-004,196,4734,4127,ACTIVE,1/7/2025,seed from tblMoldDesign MoldDesignID=4144,,
4128,-MDID-4145,KRE-005,196,4734,4128,ACTIVE,1/7/2025,seed from tblMoldDesign MoldDesignID=4145,,
4129,-MDID-4146,KRE-006,196,4734,4129,ACTIVE,1/7/2025,seed from tblMoldDesign MoldDesignID=4146,,
4130,-MDID-4147,KRE-007,196,4734,4130,ACTIVE,1/7/2025,seed from tblMoldDesign MoldDesignID=4147,,
4131,-MDID-4148,KRE-011,196,4734,4131,ACTIVE,1/7/2025,seed from tblMoldDesign MoldDesignID=4148,,
4132,-MDID-4149,KRE-017,196,4734,4132,ACTIVE,1/7/2025,seed from tblMoldDesign MoldDesignID=4149,,
4133,-MDID-4150,KRE-040R,196,4734,4133,ACTIVE,1/7/2025,seed from tblMoldDesign MoldDesignID=4150,,
4134,KRE041-MDID-4151,KRE-041,196,4734,4134,ACTIVE,1/7/2025,seed from tblMoldDesign MoldDesignID=4151,,
4135,-MDID-4152,KRE-042,196,4734,4135,ACTIVE,1/7/2025,seed from tblMoldDesign MoldDesignID=4152,,
4136,-MDID-4153,KRE-047,196,4734,4136,ACTIVE,1/7/2025,seed from tblMoldDesign MoldDesignID=4153,,
4137,-MDID-4154,KRE-051,196,4734,4137,ACTIVE,1/7/2025,seed from tblMoldDesign MoldDesignID=4154,,
4138,-MDID-4155,CST-012,138,4734,4138,ACTIVE,1/7/2025,seed from tblMoldDesign MoldDesignID=4155,,
4139,-MDID-4156,CST-013,138,4734,4139,ACTIVE,1/7/2025,seed from tblMoldDesign MoldDesignID=4156,,
4140,-MDID-4157,KSP-019B,199,4734,4140,ACTIVE,1/7/2025,seed from tblMoldDesign MoldDesignID=4157,,
4141,-MDID-4158,KSP-028,199,4734,4141,ACTIVE,1/7/2025,seed from tblMoldDesign MoldDesignID=4158,,
4142,-MDID-4159,KSP-047,199,4734,4142,ACTIVE,1/7/2025,seed from tblMoldDesign MoldDesignID=4159,,
4143,-MDID-4160,KSP-048,199,4734,4143,ACTIVE,1/7/2025,seed from tblMoldDesign MoldDesignID=4160,,
4144,-MDID-4161,KSP-049A,199,4734,4144,ACTIVE,1/7/2025,seed from tblMoldDesign MoldDesignID=4161,,
4145,-MDID-4162,KSP-051AB,199,4734,4145,ACTIVE,1/7/2025,seed from tblMoldDesign MoldDesignID=4162,,
4146,-MDID-4163,KSP-052,199,4734,4146,ACTIVE,1/7/2025,seed from tblMoldDesign MoldDesignID=4163,,
4147,-MDID-4164,KSP-054AB,199,4734,4147,ACTIVE,1/7/2025,seed from tblMoldDesign MoldDesignID=4164,,
4148,KSP055-MDID-4165,KSP-055,199,4734,4148,ACTIVE,1/7/2025,seed from tblMoldDesign MoldDesignID=4165,,
4149,-MDID-4166,KSP-056,199,4734,4149,ACTIVE,1/7/2025,seed from tblMoldDesign MoldDesignID=4166,,
4150,KSP057-MDID-4167,KSP-057,199,4734,4150,ACTIVE,1/7/2025,seed from tblMoldDesign MoldDesignID=4167,,
4151,-MDID-4168,KSP-058,199,4734,4151,ACTIVE,1/7/2025,seed from tblMoldDesign MoldDesignID=4168,,
4152,-MDID-4169,KSP-059,199,4734,4152,ACTIVE,1/7/2025,seed from tblMoldDesign MoldDesignID=4169,,
4153,-MDID-4170,KSP-060,199,4734,4153,ACTIVE,1/7/2025,seed from tblMoldDesign MoldDesignID=4170,,
4154,-MDID-4171,KSP-076AB,199,4734,4154,ACTIVE,1/7/2025,seed from tblMoldDesign MoldDesignID=4171,,
4155,-MDID-4172,KSP- 090R,199,4734,4155,ACTIVE,1/7/2025,seed from tblMoldDesign MoldDesignID=4172,,
4156,-MDID-4173,KSP-100,199,4734,4156,ACTIVE,1/7/2025,seed from tblMoldDesign MoldDesignID=4173,,
4157,-MDID-4174,ADY-052,111,4734,4157,ACTIVE,1/7/2025,seed from tblMoldDesign MoldDesignID=4174,,
4158,ADY056-MDID-4175,ADY-056,111,4734,4158,ACTIVE,1/7/2025,seed from tblMoldDesign MoldDesignID=4175,,
4159,-MDID-4176,ADY-057,111,4734,4159,ACTIVE,1/7/2025,seed from tblMoldDesign MoldDesignID=4176,,
4160,-MDID-4177,ADY-058,111,4734,4160,ACTIVE,1/7/2025,seed from tblMoldDesign MoldDesignID=4177,,
4161,-MDID-4179,ADY-093,111,4734,4161,ACTIVE,1/7/2025,seed from tblMoldDesign MoldDesignID=4179,,
4162,-MDID-4180,ADY-095,111,4734,4162,ACTIVE,1/7/2025,seed from tblMoldDesign MoldDesignID=4180,,
4163,-MDID-4181,ADY-100,111,4734,4163,ACTIVE,1/7/2025,seed from tblMoldDesign MoldDesignID=4181,,
4164,-MDID-4182,ADY-109,111,4734,4164,ACTIVE,1/7/2025,seed from tblMoldDesign MoldDesignID=4182,,
4165,-MDID-4183,ETS-023,151,4734,4165,ACTIVE,1/7/2025,seed from tblMoldDesign MoldDesignID=4183,,
4166,-MDID-4185,DIC-047旧,141,4734,4166,ACTIVE,1/7/2025,seed from tblMoldDesign MoldDesignID=4185,,
4167,-MDID-4186,DIC-048旧,141,4734,4167,ACTIVE,1/7/2025,seed from tblMoldDesign MoldDesignID=4186,,
4168,MZT003-MDID-4187,MZT-003,12,4734,4168,ACTIVE,1/7/2025,seed from tblMoldDesign MoldDesignID=4187,,
4169,MZT004-MDID-4188,MZT-004,12,4734,4169,ACTIVE,1/7/2025,seed from tblMoldDesign MoldDesignID=4188,,
4170,MZT011-MDID-4189,MZT-011,12,4734,4170,ACTIVE,1/7/2025,seed from tblMoldDesign MoldDesignID=4189,,
4171,MZT017-MDID-4195,MZT-017,12,4734,4171,ACTIVE,1/7/2025,seed from tblMoldDesign MoldDesignID=4195,,
4172,MZT018-MDID-4197,MZT-018,12,4734,4172,ACTIVE,1/7/2025,seed from tblMoldDesign MoldDesignID=4197,,
4173,MZT022-MDID-4198,MZT-022,12,4734,4173,ACTIVE,1/7/2025,seed from tblMoldDesign MoldDesignID=4198,,
4174,下スタキングAタイプ-MDID-4200,下スタキング　A タイプ,244,,4174,ACTIVE,1/7/2025,seed from tblMoldDesign MoldDesignID=4200,,
4175,MZT024-MDID-4201,MZT-024,12,4734,4175,ACTIVE,1/7/2025,seed from tblMoldDesign MoldDesignID=4201,,
4176,MZT027-MDID-4202,MZT-027,12,4734,4176,ACTIVE,1/7/2025,seed from tblMoldDesign MoldDesignID=4202,,
4177,MZT030-MDID-4203,MZT-030,12,4734,4177,ACTIVE,1/7/2025,seed from tblMoldDesign MoldDesignID=4203,,
4178,MZT033-MDID-4204,MZT-033,12,4734,4178,ACTIVE,1/7/2025,seed from tblMoldDesign MoldDesignID=4204,,
4179,MZT035-MDID-4205,MZT-035,12,4734,4179,ACTIVE,1/7/2025,seed from tblMoldDesign MoldDesignID=4205,,
4180,MZT039-MDID-4206,MZT-039,12,4734,4180,ACTIVE,1/7/2025,seed from tblMoldDesign MoldDesignID=4206,,
4181,MZT040-MDID-4207,MZT-040,12,4734,4181,ACTIVE,1/7/2025,seed from tblMoldDesign MoldDesignID=4207,,
4182,MZT043-MDID-4208,MZT-043,12,4734,4182,ACTIVE,1/7/2025,seed from tblMoldDesign MoldDesignID=4208,,
4183,MZT044-MDID-4209,MZT-044,12,4734,4183,ACTIVE,1/7/2025,seed from tblMoldDesign MoldDesignID=4209,,
4184,MZT053-MDID-4210,MZT-053,12,4734,4184,ACTIVE,1/7/2025,seed from tblMoldDesign MoldDesignID=4210,,
4185,MZT059-MDID-4211,MZT-059,12,4734,4185,ACTIVE,1/7/2025,seed from tblMoldDesign MoldDesignID=4211,,
4186,MZT066-MDID-4212,MZT-066,12,4734,4186,ACTIVE,1/7/2025,seed from tblMoldDesign MoldDesignID=4212,,
4187,MZT071-MDID-4213,MZT-071,12,4734,4187,ACTIVE,1/8/2025,seed from tblMoldDesign MoldDesignID=4213,,
4188,MZT072-MDID-4214,MZT-072,12,4734,4188,ACTIVE,1/8/2025,seed from tblMoldDesign MoldDesignID=4214,,
4189,HSH002R1-MDID-4215,HSH-002 R1,167,4796,4189,ACTIVE,1/8/2025,seed from tblMoldDesign MoldDesignID=4215,,
4190,MCT001DR2-MDID-4216,MCT-001D R2,346,4797,4190,ACTIVE,1/8/2025,seed from tblMoldDesign MoldDesignID=4216,,
4191,KSP117-MDID-4217,KSP-117,199,4734,4191,ACTIVE,1/9/2025,seed from tblMoldDesign MoldDesignID=4217,,
4192,MCT003R1-MDID-4218,MCT-003 R1,346,4798,4192,ACTIVE,1/10/2025,seed from tblMoldDesign MoldDesignID=4218,,
4193,MTM018-MDID-4219,MTM-018,9,4799,4193,ACTIVE,1/16/2025,seed from tblMoldDesign MoldDesignID=4219,,
4194,MMT018-MDID-4220,MMT-018,218,4800,4194,ACTIVE,1/17/2025,seed from tblMoldDesign MoldDesignID=4220,,
4195,TE25016991-MDID-4222,TE-2501699-1,93,2059,4195,ACTIVE,1/18/2025,seed from tblMoldDesign MoldDesignID=4222,,
4196,BOC001-MDID-4223,BOC-001,411,4807,4196,ACTIVE,1/20/2025,seed from tblMoldDesign MoldDesignID=4223,,
4197,Kタイプ70-MDID-4224,K-タイプ　70,180,4808,4197,ACTIVE,1/20/2025,seed from tblMoldDesign MoldDesignID=4224,,
4198,TBG020-MDID-4225,TBG-020,90,4809,4198,ACTIVE,1/20/2025,seed from tblMoldDesign MoldDesignID=4225,,
4199,NGD001-MDID-4226,NGD-001,412,4810,4199,ACTIVE,1/20/2025,seed from tblMoldDesign MoldDesignID=4226,,
4200,NHC004-MDID-4227,NHC-004,20,4811,4200,ACTIVE,1/20/2025,seed from tblMoldDesign MoldDesignID=4227,,
4201,QAS001-MDID-4230,QAS-001,280,4814,4201,ACTIVE,1/20/2025,seed from tblMoldDesign MoldDesignID=4230,,
4202,KDS072-MDID-4231,KDS-072,248,4815,4202,ACTIVE,1/20/2025,seed from tblMoldDesign MoldDesignID=4231,,
4203,KDS086-MDID-4232,KDS-086,248,4816,4203,ACTIVE,1/20/2025,seed from tblMoldDesign MoldDesignID=4232,,
4204,HKS009-MDID-4233,HKS-009,162,4817,4204,ACTIVE,1/20/2025,seed from tblMoldDesign MoldDesignID=4233,,
4205,NHC005-MDID-4234,NHC-005,20,4818,4205,ACTIVE,1/20/2025,seed from tblMoldDesign MoldDesignID=4234,,
4206,KDS076-MDID-4235,KDS-076,248,4819,4206,ACTIVE,1/20/2025,seed from tblMoldDesign MoldDesignID=4235,,
4207,KDS077-MDID-4236,KDS-077,248,4820,4207,ACTIVE,1/20/2025,seed from tblMoldDesign MoldDesignID=4236,,
4208,KDS245-MDID-4237,KDS-245,248,4821,4208,ACTIVE,1/20/2025,seed from tblMoldDesign MoldDesignID=4237,,
4209,KDS099-MDID-4238,KDS-099,248,4822,4209,ACTIVE,1/20/2025,seed from tblMoldDesign MoldDesignID=4238,,
4210,MIS2002-MDID-4239,MIS-2-002,213,4823,4210,ACTIVE,1/20/2025,seed from tblMoldDesign MoldDesignID=4239,,
4211,MIS2003-MDID-4240,MIS-2-003,213,4825,4211,ACTIVE,1/20/2025,seed from tblMoldDesign MoldDesignID=4240,,
4212,KDS083-MDID-4241,KDS-083,248,4826,4212,ACTIVE,1/20/2025,seed from tblMoldDesign MoldDesignID=4241,,
4213,KDS084-MDID-4242,KDS-084,248,4827,4213,ACTIVE,1/20/2025,seed from tblMoldDesign MoldDesignID=4242,,
4214,KDS085-MDID-4243,KDS-085,248,4828,4214,ACTIVE,1/20/2025,seed from tblMoldDesign MoldDesignID=4243,,
4215,JAE109-MDID-4244,JAE-109,177,4829,4215,ACTIVE,1/20/2025,seed from tblMoldDesign MoldDesignID=4244,,
4216,TE31577-MDID-4246,TE-3-157-7,93,4830,4216,ACTIVE,1/20/2025,seed from tblMoldDesign MoldDesignID=4246,,
4217,SMK194-MDID-4247,SMK-194,71,4832,4217,ACTIVE,1/20/2025,seed from tblMoldDesign MoldDesignID=4247,,
4218,SMK200-MDID-4248,SMK-200,71,4833,4218,ACTIVE,1/20/2025,seed from tblMoldDesign MoldDesignID=4248,,
4219,SSI003-MDID-4249,SSI-003,272,4834,4219,ACTIVE,1/20/2025,seed from tblMoldDesign MoldDesignID=4249,,
4220,OTAX021-MDID-4250,OTAX-021,42,4835,4220,ACTIVE,1/20/2025,seed from tblMoldDesign MoldDesignID=4250,,
4221,IBG001-MDID-4251,IBG-001,415,4836,4221,ACTIVE,1/20/2025,seed from tblMoldDesign MoldDesignID=4251,,
4222,KYM001-MDID-4252,KYM-001,205,4837,4222,ACTIVE,1/20/2025,seed from tblMoldDesign MoldDesignID=4252,,
4223,KYM002-MDID-4253,KYM-002,205,4838,4223,ACTIVE,1/20/2025,seed from tblMoldDesign MoldDesignID=4253,,
4224,KYM003-MDID-4254,KYM-003,205,4839,4224,ACTIVE,1/20/2025,seed from tblMoldDesign MoldDesignID=4254,,
4225,TE37209966-MDID-4255,TE-3-720996-6,93,4840,4225,ACTIVE,1/20/2025,seed from tblMoldDesign MoldDesignID=4255,,
4226,MZT104-MDID-4256,MZT-104,12,4841,4226,ACTIVE,1/20/2025,seed from tblMoldDesign MoldDesignID=4256,,
4227,SNS002-MDID-4257,SNS-002,416,4843,4227,ACTIVE,1/20/2025,seed from tblMoldDesign MoldDesignID=4257,,
4228,MKD006-MDID-4258,MKD-006,417,4844,4228,ACTIVE,1/20/2025,seed from tblMoldDesign MoldDesignID=4258,,
4229,KND-MDID-4259,KND,190,,4229,ACTIVE,1/20/2025,seed from tblMoldDesign MoldDesignID=4259,,
4230,JR-MDID-4260,JR,179,,4230,ACTIVE,1/21/2025,seed from tblMoldDesign MoldDesignID=4260,,
4231,TE01083-MDID-4261,TE-0-108-3,93,4845,4231,ACTIVE,1/21/2025,seed from tblMoldDesign MoldDesignID=4261,,
4232,NPC-MDID-4262,NPC,25,,4232,ACTIVE,1/21/2025,seed from tblMoldDesign MoldDesignID=4262,,
4233,SMK155-MDID-4263,SMK-155,71,4846,4233,ACTIVE,1/21/2025,seed from tblMoldDesign MoldDesignID=4263,,
4234,YSDE-MDID-4264,YSD-E,108,,4234,ACTIVE,1/21/2025,seed from tblMoldDesign MoldDesignID=4264,,
4235,PS1001-MDID-4265,PS-100-1,404,4847,4235,ACTIVE,1/21/2025,seed from tblMoldDesign MoldDesignID=4265,,
4236,TH-MDID-4266,TH,243,,4236,ACTIVE,1/21/2025,seed from tblMoldDesign MoldDesignID=4266,,
4237,TE21358-MDID-4267,TE-2-135-8,93,4848,4237,ACTIVE,1/21/2025,seed from tblMoldDesign MoldDesignID=4267,,
4238,KGD002-MDID-4268,KGD-002,418,4849,4238,ACTIVE,1/21/2025,seed from tblMoldDesign MoldDesignID=4268,,
4239,YSDH-MDID-4269,YSD-H,108,,4239,ACTIVE,1/22/2025,seed from tblMoldDesign MoldDesignID=4269,,
4240,SSJ013-MDID-4270,SSJ-013,256,,4240,ACTIVE,1/22/2025,seed from tblMoldDesign MoldDesignID=4270,,
4241,SSJ019-MDID-4271,SSJ-019,256,4850,4241,ACTIVE,1/22/2025,seed from tblMoldDesign MoldDesignID=4271,,
4242,YPC005-MDID-4272,YPC-005,240,4851,4242,ACTIVE,1/22/2025,seed from tblMoldDesign MoldDesignID=4272,,
4243,YPC008-MDID-4273,YPC-008,240,4852,4243,ACTIVE,1/22/2025,seed from tblMoldDesign MoldDesignID=4273,,
4244,KRE049R-MDID-4274,KRE-049 R,196,987,4244,ACTIVE,1/22/2025,seed from tblMoldDesign MoldDesignID=4274,,
4245,NRK003-MDID-4275,NRK-003,26,4853,4245,ACTIVE,1/22/2025,seed from tblMoldDesign MoldDesignID=4275,,
4246,TE91272-MDID-4276,TE-9-127-2,93,4854,4246,ACTIVE,1/22/2025,seed from tblMoldDesign MoldDesignID=4276,,
4247,ADY-MDID-4277,ADY,111,,4247,ACTIVE,1/22/2025,seed from tblMoldDesign MoldDesignID=4277,,
4248,EXD005-MDID-4278,EXD-005,152,4855,4248,ACTIVE,1/22/2025,seed from tblMoldDesign MoldDesignID=4278,,
4249,MZT049-MDID-4279,MZT-049,12,4856,4249,ACTIVE,1/22/2025,seed from tblMoldDesign MoldDesignID=4279,,
4250,SMK089-MDID-4280,SMK-089,71,4857,4250,ACTIVE,1/23/2025,seed from tblMoldDesign MoldDesignID=4280,,
4251,GMY088-MDID-4281,GMY-088,157,4858,4251,ACTIVE,1/23/2025,seed from tblMoldDesign MoldDesignID=4281,,
4252,SSM-MDID-4282,SSM,81,,4252,ACTIVE,1/23/2025,seed from tblMoldDesign MoldDesignID=4282,,
4253,JAE021-MDID-4283,JAE-021,177,4859,4253,ACTIVE,1/23/2025,seed from tblMoldDesign MoldDesignID=4283,,
4254,JAE022-MDID-4284,JAE-022,177,4860,4254,ACTIVE,1/23/2025,seed from tblMoldDesign MoldDesignID=4284,,
4255,MTM003-MDID-4285,MTM-003,9,4861,4255,ACTIVE,1/23/2025,seed from tblMoldDesign MoldDesignID=4285,,
4256,KSP118-MDID-4286,KSP-118,199,4862,4256,ACTIVE,1/23/2025,seed from tblMoldDesign MoldDesignID=4286,,
4257,V-MDID-4287,V,244,,4257,ACTIVE,1/23/2025,seed from tblMoldDesign MoldDesignID=4287,,
4258,SMK104-MDID-4288,SMK-104,71,4863,4258,ACTIVE,1/24/2025,seed from tblMoldDesign MoldDesignID=4288,,
4259,SMK119-MDID-4289,SMK-119,71,4864,4259,ACTIVE,1/24/2025,seed from tblMoldDesign MoldDesignID=4289,,
4260,CLDS-MDID-4290,CLDS,244,,4260,ACTIVE,1/24/2025,seed from tblMoldDesign MoldDesignID=4290,,
4261,レザーシート小56Φｘ33Φ-MDID-4291,レザーシート小　56Φｘ33Φ,244,,4261,ACTIVE,1/24/2025,seed from tblMoldDesign MoldDesignID=4291,,
4262,SMK060-MDID-4292,SMK-060,71,4865,4262,ACTIVE,1/24/2025,seed from tblMoldDesign MoldDesignID=4292,,
4263,SMK031-MDID-4293,SMK-031,71,4866,4263,ACTIVE,1/24/2025,seed from tblMoldDesign MoldDesignID=4293,,
4264,SMK032-MDID-4294,SMK-032,71,4867,4264,ACTIVE,1/24/2025,seed from tblMoldDesign MoldDesignID=4294,,
4265,SMK027-MDID-4295,SMK-027,71,4868,4265,ACTIVE,1/24/2025,seed from tblMoldDesign MoldDesignID=4295,,
4266,SMK002R-MDID-4296,SMK-002 R,71,4706,4266,ACTIVE,1/24/2025,seed from tblMoldDesign MoldDesignID=4296,,
4267,SMK005-MDID-4297,SMK-005,71,4869,4267,ACTIVE,1/24/2025,seed from tblMoldDesign MoldDesignID=4297,,
4268,SMK044-MDID-4298,SMK-044,71,4870,4268,ACTIVE,1/24/2025,seed from tblMoldDesign MoldDesignID=4298,,
4269,SMK029-MDID-4299,SMK-029,71,4871,4269,ACTIVE,1/24/2025,seed from tblMoldDesign MoldDesignID=4299,,
4270,NOKIA-MDID-4300,NOKIA,244,,4270,ACTIVE,1/24/2025,seed from tblMoldDesign MoldDesignID=4300,,
4271,NPC012-MDID-4301,NPC-012,25,4873,4271,ACTIVE,1/24/2025,seed from tblMoldDesign MoldDesignID=4301,,
4272,TE01417-MDID-4302,TE-0-141-7,93,4874,4272,ACTIVE,1/24/2025,seed from tblMoldDesign MoldDesignID=4302,,
4273,TE90792-MDID-4303,TE-9-079-2,93,4875,4273,ACTIVE,1/24/2025,seed from tblMoldDesign MoldDesignID=4303,,
4274,TE10235-MDID-4304,TE-1-023-5,93,4876,4274,ACTIVE,1/24/2025,seed from tblMoldDesign MoldDesignID=4304,,
4275,SMK007-MDID-4305,SMK-007,71,4877,4275,ACTIVE,1/24/2025,seed from tblMoldDesign MoldDesignID=4305,,
4276,SMK008-MDID-4306,SMK-008,71,4878,4276,ACTIVE,1/24/2025,seed from tblMoldDesign MoldDesignID=4306,,
4277,JAE017-MDID-4307,JAE-017,177,4879,4277,ACTIVE,1/24/2025,seed from tblMoldDesign MoldDesignID=4307,,
4278,KSE001-MDID-4308,KSE-001,198,4880,4278,ACTIVE,1/24/2025,seed from tblMoldDesign MoldDesignID=4308,,
4279,GMY030-MDID-4309,GMY-030,157,4881,4279,ACTIVE,1/24/2025,seed from tblMoldDesign MoldDesignID=4309,,
4280,NRK015-MDID-4310,NRK-015,26,4882,4280,ACTIVE,1/24/2025,seed from tblMoldDesign MoldDesignID=4310,,
4281,NRK016-MDID-4311,NRK-016,26,4883,4281,ACTIVE,1/24/2025,seed from tblMoldDesign MoldDesignID=4311,,
4282,GMY034-MDID-4312,GMY-034,157,4884,4282,ACTIVE,1/24/2025,seed from tblMoldDesign MoldDesignID=4312,,
4283,TH018B-MDID-4313,TH-018B,243,4885,4283,ACTIVE,1/24/2025,seed from tblMoldDesign MoldDesignID=4313,,
4284,OOT036-MDID-4314,OOT-036,38,4886,4284,ACTIVE,1/28/2025,seed from tblMoldDesign MoldDesignID=4314,,
4285,OOT037-MDID-4315,OOT-037,38,4887,4285,ACTIVE,1/28/2025,seed from tblMoldDesign MoldDesignID=4315,,
4286,NHK003-MDID-4316,NHK-003,21,4888,4286,ACTIVE,1/28/2025,seed from tblMoldDesign MoldDesignID=4316,,
4287,NHK004-MDID-4317,NHK-004,21,4889,4287,ACTIVE,1/28/2025,seed from tblMoldDesign MoldDesignID=4317,,
4288,ATS001-MDID-4318,ATS-001,125,4890,4288,ACTIVE,1/28/2025,seed from tblMoldDesign MoldDesignID=4318,,
4289,GOJ004-MDID-4319,GOJ-004,419,4891,4289,ACTIVE,1/28/2025,seed from tblMoldDesign MoldDesignID=4319,,
4290,TE21354-MDID-4320,TE-2-135-4,93,4892,4290,ACTIVE,1/28/2025,seed from tblMoldDesign MoldDesignID=4320,,
4291,SNT-MDID-4321,SNT,74,,4291,ACTIVE,1/28/2025,seed from tblMoldDesign MoldDesignID=4321,,
4292,CANON-MDID-4324,CANON,420,4893,4292,ACTIVE,1/28/2025,seed from tblMoldDesign MoldDesignID=4324,,
4293,MTM131-MDID-4325,MTM-131,9,4430,4293,ACTIVE,1/28/2025,seed from tblMoldDesign MoldDesignID=4325,,
4294,AAT002-MDID-4326,AAT-002,109,4894,4294,ACTIVE,1/28/2025,seed from tblMoldDesign MoldDesignID=4326,,
4295,AAT003-MDID-4327,AAT-003,109,4895,4295,ACTIVE,1/28/2025,seed from tblMoldDesign MoldDesignID=4327,,
4296,SLK113B-MDID-4328,SLK-113B,70,4896,4296,ACTIVE,1/28/2025,seed from tblMoldDesign MoldDesignID=4328,,
4297,SLK113A-MDID-4329,SLK-113A,70,4897,4297,ACTIVE,1/28/2025,seed from tblMoldDesign MoldDesignID=4329,,
4298,JAE069-MDID-4330,JAE-069,177,4898,4298,ACTIVE,1/28/2025,seed from tblMoldDesign MoldDesignID=4330,,
4299,ウレタン-MDID-4331,ウレタン,244,4899,4299,ACTIVE,1/28/2025,seed from tblMoldDesign MoldDesignID=4331,,
4300,足形-MDID-4332,足形,244,,4300,ACTIVE,1/28/2025,seed from tblMoldDesign MoldDesignID=4332,,
4301,TSP002-MDID-4333,TSP-002,219,4900,4301,ACTIVE,1/28/2025,seed from tblMoldDesign MoldDesignID=4333,,
4302,SSM010-MDID-4334,SSM-010,81,4901,4302,ACTIVE,1/28/2025,seed from tblMoldDesign MoldDesignID=4334,,
4303,KDS050-MDID-4335,KDS-050,248,4902,4303,ACTIVE,1/28/2025,seed from tblMoldDesign MoldDesignID=4335,,
4304,MSM022-MDID-4336,MSM-022,6,4903,4304,ACTIVE,1/28/2025,seed from tblMoldDesign MoldDesignID=4336,,
4305,ADY029-MDID-4337,ADY-029,111,4904,4305,ACTIVE,1/28/2025,seed from tblMoldDesign MoldDesignID=4337,,
4306,ADY003-MDID-4338,ADY-003,111,4905,4306,ACTIVE,1/28/2025,seed from tblMoldDesign MoldDesignID=4338,,
4307,SMK116-MDID-4339,SMK-116,71,4906,4307,ACTIVE,1/28/2025,seed from tblMoldDesign MoldDesignID=4339,,
4308,SPJ027-MDID-4340,SPJ-027,77,4907,4308,ACTIVE,1/28/2025,seed from tblMoldDesign MoldDesignID=4340,,
4309,MCT003R2-MDID-4341,MCT-003 R2,,4798,4309,ACTIVE,1/31/2025,seed from tblMoldDesign MoldDesignID=4341,,
4310,TE11632R5-MDID-4344,TE-1-163-2 R5,93,8,4310,ACTIVE,2/5/2025,seed from tblMoldDesign MoldDesignID=4344,,
4311,DIC158R1-MDID-4345,DIC-158 R1,141,4909,4311,ACTIVE,2/6/2025,seed from tblMoldDesign MoldDesignID=4345,,
4312,DIC159R1-MDID-4346,DIC-159 R1,141,4910,4312,ACTIVE,2/7/2025,seed from tblMoldDesign MoldDesignID=4346,,
4313,YSDE0251-MDID-4347,YSD-E-025-1,108,4911,4313,ACTIVE,2/7/2025,seed from tblMoldDesign MoldDesignID=4347,,
4314,YSDE0321-MDID-4348,YSD-E-032-1,108,4912,4314,ACTIVE,2/7/2025,seed from tblMoldDesign MoldDesignID=4348,,
4315,ODS049-MDID-4349,ODS-049,32,4913,4315,ACTIVE,2/7/2025,seed from tblMoldDesign MoldDesignID=4349,,
4316,ODS050-MDID-4350,ODS-050,32,4914,4316,ACTIVE,2/7/2025,seed from tblMoldDesign MoldDesignID=4350,,
4317,ODS046-MDID-4351,ODS-046,32,4915,4317,ACTIVE,2/7/2025,seed from tblMoldDesign MoldDesignID=4351,,
4318,YSDE080-MDID-4352,YSD-E-080,108,4916,4318,ACTIVE,2/7/2025,seed from tblMoldDesign MoldDesignID=4352,,
4319,YSDE0501-MDID-4353,YSD-E-050-1,108,4917,4319,ACTIVE,2/7/2025,seed from tblMoldDesign MoldDesignID=4353,,
4320,SMK191-MDID-4354,SMK-191,71,4918,4320,ACTIVE,2/7/2025,seed from tblMoldDesign MoldDesignID=4354,,
4321,JAE337DR1-MDID-4355,JAE-337D R1,177,4919,4321,ACTIVE,2/7/2025,seed from tblMoldDesign MoldDesignID=4355,,
4322,KOS019-MDID-4356,KOS-019,195,4920,4322,ACTIVE,2/13/2025,seed from tblMoldDesign MoldDesignID=4356,,
4323,KOS020-MDID-4357,KOS-020,195,4921,4323,ACTIVE,2/14/2025,seed from tblMoldDesign MoldDesignID=4357,,
4324,JAE338DR2-MDID-4358,JAE-338D R2,177,4922,4324,ACTIVE,2/15/2025,seed from tblMoldDesign MoldDesignID=4358,,
4325,TE47209902-MDID-4359,TE-4-720990-2,93,4923,4325,ACTIVE,2/17/2025,seed from tblMoldDesign MoldDesignID=4359,,
4326,PLX003-MDID-4360,PLX-003,45,4924,4326,ACTIVE,2/18/2025,seed from tblMoldDesign MoldDesignID=4360,,
4327,KOS021-MDID-4362,KOS-021,195,4925,4327,ACTIVE,2/21/2025,seed from tblMoldDesign MoldDesignID=4362,,
4328,KOS022-MDID-4363,KOS-022,195,4926,4328,ACTIVE,2/21/2025,seed from tblMoldDesign MoldDesignID=4363,,
4329,SRI007DR1-MDID-4364,SRI-007D R1,79,4927,4329,ACTIVE,2/21/2025,seed from tblMoldDesign MoldDesignID=4364,,
4330,JAE307R1-MDID-4365,JAE-307 R1,,,4330,ACTIVE,2/25/2025,seed from tblMoldDesign MoldDesignID=4365,,
4331,BSP002D-MDID-4366,BSP-002D,397,4928,4331,ACTIVE,2/27/2025,seed from tblMoldDesign MoldDesignID=4366,,
4332,ADY128R2-MDID-4367,ADY-128 R2,111,4929,4332,ACTIVE,2/28/2025,seed from tblMoldDesign MoldDesignID=4367,,
4333,SMK219R1-MDID-4368,SMK-219 R1,71,4930,4333,ACTIVE,3/1/2025,seed from tblMoldDesign MoldDesignID=4368,,
4334,JAE342-MDID-4369,JAE-342,177,4931,4334,ACTIVE,3/3/2025,seed from tblMoldDesign MoldDesignID=4369,,
4335,JAE341-MDID-4370,JAE-341,177,4932,4335,ACTIVE,3/4/2025,seed from tblMoldDesign MoldDesignID=4370,,
4336,SRI007R1-MDID-4371,SRI-007 R1,79,4933,4336,ACTIVE,3/6/2025,seed from tblMoldDesign MoldDesignID=4371,,
4337,JAE338R2-MDID-4372,JAE-338 R2,177,4934,4337,ACTIVE,3/7/2025,seed from tblMoldDesign MoldDesignID=4372,,
4338,ASH008R1-MDID-4373,ASH-008 R1,123,4791,4338,ACTIVE,3/10/2025,seed from tblMoldDesign MoldDesignID=4373,,
4339,ASH009R1-MDID-4374,ASH-009 R1,123,4793,4339,ACTIVE,3/10/2025,seed from tblMoldDesign MoldDesignID=4374,,
4340,BSP002-MDID-4375,BSP-002,397,4935,4340,ACTIVE,3/12/2025,seed from tblMoldDesign MoldDesignID=4375,,
4341,TKP001-MDID-4376,TKP-001,422,4936,4341,ACTIVE,3/14/2025,seed from tblMoldDesign MoldDesignID=4376,,
4342,KDS143R1-MDID-4377,KDS-143 R1,248,4937,4342,ACTIVE,3/17/2025,seed from tblMoldDesign MoldDesignID=4377,,
4343,ASH010-MDID-4378,ASH-010,123,4938,4343,ACTIVE,3/20/2025,seed from tblMoldDesign MoldDesignID=4378,,
4344,ODSR31-MDID-4379,ODS-R-31,32,4939,4344,ACTIVE,3/27/2025,seed from tblMoldDesign MoldDesignID=4379,,
4345,TY001-MDID-4380,TY-001,423,4734,4345,ACTIVE,3/27/2025,seed from tblMoldDesign MoldDesignID=4380,,
4346,DIC037NO2-MDID-4381,DIC-037 No2,141,4734,4346,ACTIVE,3/27/2025,seed from tblMoldDesign MoldDesignID=4381,,
4347,SMK140-MDID-4382,SMK-140,71,4734,4347,ACTIVE,3/27/2025,seed from tblMoldDesign MoldDesignID=4382,,
4348,SMK103-MDID-4383,SMK-103,71,4734,4348,ACTIVE,3/27/2025,seed from tblMoldDesign MoldDesignID=4383,,
4349,SMK128-MDID-4384,SMK-128,71,4734,4349,ACTIVE,3/27/2025,seed from tblMoldDesign MoldDesignID=4384,,
4350,SMK134-MDID-4385,SMK-134,71,4734,4350,ACTIVE,3/27/2025,seed from tblMoldDesign MoldDesignID=4385,,
4351,SMK111-MDID-4386,SMK-111,71,4734,4351,ACTIVE,3/27/2025,seed from tblMoldDesign MoldDesignID=4386,,
4352,SMK003?-MDID-4387,SMK-003?,71,4734,4352,ACTIVE,3/27/2025,seed from tblMoldDesign MoldDesignID=4387,,
4353,NONAME034-MDID-4388,NONAME-034,424,4734,4353,ACTIVE,3/27/2025,seed from tblMoldDesign MoldDesignID=4388,,
4354,OTHERA596903-MDID-4389,OTHER-A59-6903,244,4942,4354,ACTIVE,3/27/2025,seed from tblMoldDesign MoldDesignID=4389,,
4355,OTHERB596903-MDID-4390,OTHER-B59-6903,244,4943,4355,ACTIVE,3/27/2025,seed from tblMoldDesign MoldDesignID=4390,,
4356,SLK126-MDID-4391,SLK-126,70,4734,4356,ACTIVE,3/27/2025,seed from tblMoldDesign MoldDesignID=4391,,
4357,SLK124-MDID-4392,SLK-124,70,4734,4357,ACTIVE,3/27/2025,seed from tblMoldDesign MoldDesignID=4392,,
4358,OTP003-MDID-4393,OTP-003,403,4734,4358,ACTIVE,3/27/2025,seed from tblMoldDesign MoldDesignID=4393,,
4359,ODS020-MDID-4394,ODS-020,32,4734,4359,ACTIVE,3/27/2025,seed from tblMoldDesign MoldDesignID=4394,,
4360,TE60654-MDID-4396,TE-60654,93,4734,4360,ACTIVE,3/27/2025,seed from tblMoldDesign MoldDesignID=4396,,
4361,SSM056R2-MDID-4397,SSM-056 R2,81,4945,4361,ACTIVE,3/27/2025,seed from tblMoldDesign MoldDesignID=4397,,
4362,TE59973-MDID-4398,TE-5-997-3,93,4946,4362,ACTIVE,4/1/2025,seed from tblMoldDesign MoldDesignID=4398,,
4363,TE20571-MDID-4399,TE-2-057-1,93,4734,4363,ACTIVE,4/1/2025,seed from tblMoldDesign MoldDesignID=4399,,
4364,TE20593-MDID-4400,TE-2-059-3,93,4947,4364,ACTIVE,4/1/2025,seed from tblMoldDesign MoldDesignID=4400,,
4365,YES004R1-MDID-4401,YES-004 R1,231,2748,4365,ACTIVE,4/3/2025,seed from tblMoldDesign MoldDesignID=4401,,
4366,JAE337R2-MDID-4403,JAE-337 R2,177,4794,4366,ACTIVE,4/4/2025,seed from tblMoldDesign MoldDesignID=4403,,
4367,STD007-MDID-4404,STD-007,82,4948,4367,ACTIVE,4/7/2025,seed from tblMoldDesign MoldDesignID=4404,,
4368,DIC161D-MDID-4405,DIC-161D,141,4949,4368,ACTIVE,4/7/2025,seed from tblMoldDesign MoldDesignID=4405,,
4369,KOS022R1-MDID-4406,KOS-022 R1,195,4950,4369,ACTIVE,4/15/2025,seed from tblMoldDesign MoldDesignID=4406,,
4370,WKE004-MDID-4407,WKE-004,227,4951,4370,ACTIVE,4/17/2025,seed from tblMoldDesign MoldDesignID=4407,,
4371,SHT019R1-MDID-4408,SHT-019 R1,61,4952,4371,ACTIVE,4/18/2025,seed from tblMoldDesign MoldDesignID=4408,,
4372,TE10196-MDID-4409,TE-1-019-6,93,4953,4372,ACTIVE,4/21/2025,seed from tblMoldDesign MoldDesignID=4409,,
4373,TE127933411-MDID-4411,TE-12793341-1,93,4956,4373,ACTIVE,4/21/2025,seed from tblMoldDesign MoldDesignID=4411,,
4374,TE10238-MDID-4412,TE-1-023-8,93,4734,4374,ACTIVE,4/21/2025,seed from tblMoldDesign MoldDesignID=4412,,
4375,TE21089-MDID-4413,TE-2-108-9,93,4734,4375,ACTIVE,4/21/2025,seed from tblMoldDesign MoldDesignID=4413,,
4376,TE20139731-MDID-4414,TE-2013973-1,93,4957,4376,ACTIVE,4/21/2025,seed from tblMoldDesign MoldDesignID=4414,,
4377,OGR013M-MDID-4415,OGR-013M,33,4958,4377,ACTIVE,4/22/2025,seed from tblMoldDesign MoldDesignID=4415,,
4378,NSE004-MDID-4416,NSE-004,27,4959,4378,ACTIVE,4/22/2025,seed from tblMoldDesign MoldDesignID=4416,,
4379,WKE005-MDID-4417,WKE-005,227,4960,4379,ACTIVE,4/22/2025,seed from tblMoldDesign MoldDesignID=4417,,
4380,JAE346-MDID-4418,JAE-346,177,4961,4380,ACTIVE,4/28/2025,seed from tblMoldDesign MoldDesignID=4418,,
4381,ADY129-MDID-4419,ADY-129,111,4962,4381,ACTIVE,4/30/2025,seed from tblMoldDesign MoldDesignID=4419,,
4382,SMK169-MDID-4420,SMK-169,71,4963,4382,ACTIVE,5/1/2025,seed from tblMoldDesign MoldDesignID=4420,,
4383,DIC161-MDID-4421,DIC-161,141,4964,4383,ACTIVE,5/2/2025,seed from tblMoldDesign MoldDesignID=4421,,
4384,SMK100-MDID-4422,SMK-100,71,4965,4384,ACTIVE,5/7/2025,seed from tblMoldDesign MoldDesignID=4422,,
4385,MTM185D-MDID-4423,MTM-185D,9,4966,4385,ACTIVE,5/7/2025,seed from tblMoldDesign MoldDesignID=4423,,
4386,MRD001D-MDID-4424,MRD-001D,425,4967,4386,ACTIVE,5/8/2025,seed from tblMoldDesign MoldDesignID=4424,,
4387,MTM186D-MDID-4425,MTM-186D,9,4968,4387,ACTIVE,5/9/2025,seed from tblMoldDesign MoldDesignID=4425,,
4388,MTM187D-MDID-4426,MTM-187D,9,4969,4388,ACTIVE,5/15/2025,seed from tblMoldDesign MoldDesignID=4426,,
4389,BSZ001D-MDID-4427,BSZ-001D,426,4970,4389,ACTIVE,5/15/2025,seed from tblMoldDesign MoldDesignID=4427,,
4390,JAE347-MDID-4428,JAE-347,177,4972,4390,ACTIVE,5/16/2025,seed from tblMoldDesign MoldDesignID=4428,,
4391,MTM185R1-MDID-4429,MTM-185 R1,9,4973,4391,ACTIVE,5/19/2025,seed from tblMoldDesign MoldDesignID=4429,,
4392,SCW003D-MDID-4430,SCW-003D,427,4974,4392,ACTIVE,5/19/2025,seed from tblMoldDesign MoldDesignID=4430,,
4393,JAE325R2-MDID-4431,JAE-325 R2,177,4470,4393,ACTIVE,5/20/2025,seed from tblMoldDesign MoldDesignID=4431,,
4394,ASH011-MDID-4432,ASH-011,123,4975,4394,ACTIVE,5/21/2025,seed from tblMoldDesign MoldDesignID=4432,,
4395,ASH012-MDID-4433,ASH-012,123,4976,4395,ACTIVE,5/21/2025,seed from tblMoldDesign MoldDesignID=4433,,
4396,MTM188D-MDID-4434,MTM-188D,9,4977,4396,ACTIVE,5/23/2025,seed from tblMoldDesign MoldDesignID=4434,,
4397,MRD001R1-MDID-4436,MRD-001 R1,425,4978,4397,ACTIVE,5/26/2025,seed from tblMoldDesign MoldDesignID=4436,,
4398,MTM186-MDID-4437,MTM-186,9,4979,4398,ACTIVE,5/26/2025,seed from tblMoldDesign MoldDesignID=4437,,
4399,JAE348-MDID-4438,JAE-348,177,4980,4399,ACTIVE,5/27/2025,seed from tblMoldDesign MoldDesignID=4438,,
4400,KSP208-MDID-4439,KSP-208,199,4981,4400,ACTIVE,5/28/2025,seed from tblMoldDesign MoldDesignID=4439,,
4401,KSP209-MDID-4440,KSP-209,199,4982,4401,ACTIVE,5/28/2025,seed from tblMoldDesign MoldDesignID=4440,,
4402,SCW003R4-MDID-4442,SCW-003 R4,427,4974,4402,ACTIVE,5/29/2025,seed from tblMoldDesign MoldDesignID=4442,,
4403,SCW001-MDID-4443,SCW-001,427,4983,4403,ACTIVE,5/30/2025,seed from tblMoldDesign MoldDesignID=4443,,
4404,SCW002-MDID-4444,SCW-002,427,4984,4404,ACTIVE,5/31/2025,seed from tblMoldDesign MoldDesignID=4444,,
4405,BSZ001-MDID-4445,BSZ-001,426,4985,4405,ACTIVE,6/2/2025,seed from tblMoldDesign MoldDesignID=4445,,
4406,ENT003-MDID-4446,ENT-003,309,4986,4406,ACTIVE,6/5/2025,seed from tblMoldDesign MoldDesignID=4446,,
4407,JAE350R1-MDID-4447,JAE-350 R1,177,4987,4407,ACTIVE,6/9/2025,seed from tblMoldDesign MoldDesignID=4447,,
4408,JAE351-MDID-4448,JAE-351,177,4988,4408,ACTIVE,6/10/2025,seed from tblMoldDesign MoldDesignID=4448,,
4409,JAE349R2-MDID-4449,JAE-349 R2,177,4989,4409,ACTIVE,6/11/2025,seed from tblMoldDesign MoldDesignID=4449,,
4410,JAE347R2-MDID-4450,JAE-347 R2,177,4972,4410,ACTIVE,6/12/2025,seed from tblMoldDesign MoldDesignID=4450,,
4411,ADY130-MDID-4451,ADY-130,111,4990,4411,ACTIVE,6/13/2025,seed from tblMoldDesign MoldDesignID=4451,,
4412,SCW003DR2-MDID-4453,SCW-003D R2,427,4991,4412,ACTIVE,6/14/2025,seed from tblMoldDesign MoldDesignID=4453,,
4413,TE99986-MDID-4454,TE-9-998-6,93,4992,4413,ACTIVE,6/16/2025,seed from tblMoldDesign MoldDesignID=4454,,
4414,RPD001R2-MDID-4455,RPD-001 R2,428,4993,4414,ACTIVE,6/16/2025,seed from tblMoldDesign MoldDesignID=4455,,
4415,RPD002R2-MDID-4456,RPD-002 R2,428,4994,4415,ACTIVE,6/18/2025,seed from tblMoldDesign MoldDesignID=4456,,
4416,MTM188-MDID-4457,MTM-188,9,4995,4416,ACTIVE,6/18/2025,seed from tblMoldDesign MoldDesignID=4457,,
4417,JAE345AR3-MDID-4458,JAE-345A R3,177,4996,4417,ACTIVE,6/20/2025,seed from tblMoldDesign MoldDesignID=4458,,
4418,JAE345BR3-MDID-4459,JAE-345B R3,177,4997,4418,ACTIVE,6/20/2025,seed from tblMoldDesign MoldDesignID=4459,,
4419,JAE352A-MDID-4460,JAE-352A,177,4998,4419,ACTIVE,6/20/2025,seed from tblMoldDesign MoldDesignID=4460,,
4420,JAE352B-MDID-4461,JAE-352B,177,4999,4420,ACTIVE,6/21/2025,seed from tblMoldDesign MoldDesignID=4461,,
4421,JAE344AR4-MDID-4462,JAE-344A R4,177,5000,4421,ACTIVE,6/24/2025,seed from tblMoldDesign MoldDesignID=4462,,
4422,JAE344BR4-MDID-4463,JAE-344B R4,177,5001,4422,ACTIVE,6/24/2025,seed from tblMoldDesign MoldDesignID=4463,,
4423,ASH013R1-MDID-4464,ASH-013 R1,123,5002,4423,ACTIVE,6/26/2025,seed from tblMoldDesign MoldDesignID=4464,,
4424,JAE343BR3-MDID-4465,JAE-343B R3,177,5003,4424,ACTIVE,6/26/2025,seed from tblMoldDesign MoldDesignID=4465,,
4425,JAE343AR3-MDID-4466,JAE-343A R3,177,5004,4425,ACTIVE,6/26/2025,seed from tblMoldDesign MoldDesignID=4466,,
4426,KSC005-MDID-4467,KSC-005,197,5005,4426,ACTIVE,6/26/2025,seed from tblMoldDesign MoldDesignID=4467,,
4427,YCM076D-MDID-4468,YCM-076D,230,5006,4427,ACTIVE,6/30/2025,seed from tblMoldDesign MoldDesignID=4468,,
4428,MTM187DR4-MDID-4469,MTM-187D R4,9,4969,4428,ACTIVE,7/1/2025,seed from tblMoldDesign MoldDesignID=4469,,
4429,DIC162R2-MDID-4470,DIC-162 R2,141,5007,4429,ACTIVE,7/1/2025,seed from tblMoldDesign MoldDesignID=4470,,
4430,TKD023D-MDID-4471,TKD-023D,96,5008,4430,ACTIVE,7/1/2025,seed from tblMoldDesign MoldDesignID=4471,,
4431,MTM185DR3-MDID-4472,MTM-185D R3,9,4966,4431,ACTIVE,7/1/2025,seed from tblMoldDesign MoldDesignID=4472,,
4432,TE51592R2-MDID-4473,TE-5-159-2 R2,93,5009,4432,ACTIVE,7/4/2025,seed from tblMoldDesign MoldDesignID=4473,,
4433,TE51593R2-MDID-4474,TE-5-159-3 R2,93,5010,4433,ACTIVE,7/4/2025,seed from tblMoldDesign MoldDesignID=4474,,
4434,MTM187R4-MDID-4475,MTM-187 R4,9,5011,4434,ACTIVE,7/11/2025,seed from tblMoldDesign MoldDesignID=4475,,
4435,TE81357-MDID-4477,TE-8-135-7,93,5013,4435,ACTIVE,7/12/2025,seed from tblMoldDesign MoldDesignID=4477,,
4436,SHARPSHARP-MDID-4478,SHARP-SHARP,429,5014,4436,ACTIVE,7/12/2025,seed from tblMoldDesign MoldDesignID=4478,,
4437,SLK139-MDID-4479,SLK-139,70,5015,4437,ACTIVE,7/12/2025,seed from tblMoldDesign MoldDesignID=4479,,
4438,SK-MDID-4480,SK-,65,5016,4438,ACTIVE,7/12/2025,seed from tblMoldDesign MoldDesignID=4480,,
4439,OST010-MDID-4481,OST-010,430,4734,4439,ACTIVE,7/12/2025,seed from tblMoldDesign MoldDesignID=4481,,
4440,OST011-MDID-4482,OST-011,430,4734,4440,ACTIVE,7/12/2025,seed from tblMoldDesign MoldDesignID=4482,,
4441,ADVNONAME2-MDID-4483,ADV-NONAME2,110,4734,4441,ACTIVE,7/12/2025,seed from tblMoldDesign MoldDesignID=4483,,
4442,DIM001-MDID-4484,DIM-001,142,401,4442,ACTIVE,7/12/2025,seed from tblMoldDesign MoldDesignID=4484,,
4443,TE31033-MDID-4485,TE-3-103-3,93,4734,4443,ACTIVE,7/12/2025,seed from tblMoldDesign MoldDesignID=4485,,
4444,TE30201梱包-MDID-4486,TE-3-020-1梱包,93,5017,4444,ACTIVE,7/12/2025,seed from tblMoldDesign MoldDesignID=4486,,
4445,JAE028梱包-MDID-4487,JAE-028梱包,177,5018,4445,ACTIVE,7/12/2025,seed from tblMoldDesign MoldDesignID=4487,,
4446,JAE028R梱包-MDID-4488,JAE-028R梱包,177,5019,4446,ACTIVE,7/12/2025,seed from tblMoldDesign MoldDesignID=4488,,
4447,TE81275梱包-MDID-4489,TE-8-127-5梱包,93,5020,4447,ACTIVE,7/12/2025,seed from tblMoldDesign MoldDesignID=4489,,
4448,JAE070梱包-MDID-4490,JAE-070梱包,177,5021,4448,ACTIVE,7/12/2025,seed from tblMoldDesign MoldDesignID=4490,,
4449,TE71277R-MDID-4491,TE-7-127-7 R,93,50,4449,ACTIVE,7/12/2025,seed from tblMoldDesign MoldDesignID=4491,,
4450,TE71278R梱包-MDID-4492,TE-7-127-8R梱包,93,5022,4450,ACTIVE,7/12/2025,seed from tblMoldDesign MoldDesignID=4492,,
4451,TE81109梱包-MDID-4493,TE-8-110-9梱包,93,5024,4451,ACTIVE,7/12/2025,seed from tblMoldDesign MoldDesignID=4493,,
4452,SKS006-MDID-4494,SKS-006,69,4734,4452,ACTIVE,7/12/2025,seed from tblMoldDesign MoldDesignID=4494,,
4453,TE51034-MDID-4495,TE-5-103-4,93,4734,4453,ACTIVE,7/12/2025,seed from tblMoldDesign MoldDesignID=4495,,
4454,TE21560-MDID-4496,TE-2-156-0,93,4576,4454,ACTIVE,7/12/2025,seed from tblMoldDesign MoldDesignID=4496,,
4455,HAYASHITELEM354X300-MDID-4497,HAYASHI-TELEM354X300,431,5028,4455,ACTIVE,7/12/2025,seed from tblMoldDesign MoldDesignID=4497,,
4456,TE61292-MDID-4498,TE-6-129-2,93,4734,4456,ACTIVE,7/12/2025,seed from tblMoldDesign MoldDesignID=4498,,
4457,AMP013梱包-MDID-4499,AMP-013梱包,117,4734,4457,ACTIVE,7/12/2025,seed from tblMoldDesign MoldDesignID=4499,,
4458,GMYNONAME-MDID-4500,GMY-NONAME,157,5029,4458,ACTIVE,7/12/2025,seed from tblMoldDesign MoldDesignID=4500,,
4459,TE71295-MDID-4501,TE-7-129-5,93,4734,4459,ACTIVE,7/12/2025,seed from tblMoldDesign MoldDesignID=4501,,
4460,SK035-MDID-4502,SK-035,65,4734,4460,ACTIVE,7/12/2025,seed from tblMoldDesign MoldDesignID=4502,,
4461,NPC013梱包-MDID-4503,NPC-013梱包,25,4734,4461,ACTIVE,7/12/2025,seed from tblMoldDesign MoldDesignID=4503,,
4462,NRK013-MDID-4504,NRK-013,26,1474,4462,ACTIVE,7/12/2025,seed from tblMoldDesign MoldDesignID=4504,,
4463,OTHER364X243-MDID-4505,OTHER-364X243,244,5030,4463,ACTIVE,7/12/2025,seed from tblMoldDesign MoldDesignID=4505,,
4464,TE71359-MDID-4506,TE-7-135-9,93,4734,4464,ACTIVE,7/12/2025,seed from tblMoldDesign MoldDesignID=4506,,
4465,TKS015梱包-MDID-4507,TKS-015梱包,99,4734,4465,ACTIVE,7/12/2025,seed from tblMoldDesign MoldDesignID=4507,,
4466,TKSAB-MDID-4508,TKS-AB,99,5031,4466,ACTIVE,7/12/2025,seed from tblMoldDesign MoldDesignID=4508,,
4467,SK069-MDID-4509,SK-069,65,4734,4467,ACTIVE,7/12/2025,seed from tblMoldDesign MoldDesignID=4509,,
4468,GMYT25-MDID-4510,GMY-T-25,157,4734,4468,ACTIVE,7/12/2025,seed from tblMoldDesign MoldDesignID=4510,,
4469,OTHERプックグッスタ-MDID-4511,OTHER-プックグッスタ,244,5032,4469,ACTIVE,7/12/2025,seed from tblMoldDesign MoldDesignID=4511,,
4470,JAE015-MDID-4512,JAE-015,177,4734,4470,ACTIVE,7/12/2025,seed from tblMoldDesign MoldDesignID=4512,,
4471,OTHERプックグッスタ2-MDID-4513,OTHER-プックグッスタ2,244,5033,4471,ACTIVE,7/12/2025,seed from tblMoldDesign MoldDesignID=4513,,
4472,OTHER380カット-MDID-4514,OTHER-380カット,244,5034,4472,ACTIVE,7/12/2025,seed from tblMoldDesign MoldDesignID=4514,,
4473,OTHERT8623518.5Φ30面-MDID-4516,OTHER-T86235 18.5Φ　30面,244,5035,4473,ACTIVE,7/12/2025,seed from tblMoldDesign MoldDesignID=4516,,
4474,TE51108No1-MDID-4517,TE-5-110-8NO1,93,4734,4474,ACTIVE,7/12/2025,seed from tblMoldDesign MoldDesignID=4517,,
4475,TE51108NO2-MDID-4518,TE-5-110-8NO2,93,5036,4475,ACTIVE,7/12/2025,seed from tblMoldDesign MoldDesignID=4518,,
4476,TE51276梱包-MDID-4519,TE-5-127-6梱包,93,5037,4476,ACTIVE,7/12/2025,seed from tblMoldDesign MoldDesignID=4519,,
4477,DIC110梱包-MDID-4520,DIC-110梱包,141,4734,4477,ACTIVE,7/12/2025,seed from tblMoldDesign MoldDesignID=4520,,
4478,TE61423梱包-MDID-4521,TE-6-142-3梱包,93,5038,4478,ACTIVE,7/12/2025,seed from tblMoldDesign MoldDesignID=4521,,
4479,NRK014-MDID-4522,NRK-014,26,4734,4479,ACTIVE,7/12/2025,seed from tblMoldDesign MoldDesignID=4522,,
4480,TE81275R-MDID-4523,TE-8-127-5R,93,5039,4480,ACTIVE,7/12/2025,seed from tblMoldDesign MoldDesignID=4523,,
4481,MTM014-MDID-4524,MTM-014,9,4734,4481,ACTIVE,7/12/2025,seed from tblMoldDesign MoldDesignID=4524,,
4482,STF002梱包-MDID-4525,STF-002梱包,83,4734,4482,ACTIVE,7/12/2025,seed from tblMoldDesign MoldDesignID=4525,,
4483,JAE004梱包-MDID-4526,JAE-004梱包,177,4734,4483,ACTIVE,7/12/2025,seed from tblMoldDesign MoldDesignID=4526,,
4484,JAE005梱包-MDID-4527,JAE-005梱包,177,4734,4484,ACTIVE,7/12/2025,seed from tblMoldDesign MoldDesignID=4527,,
4485,MTM185R3-MDID-4528,MTM-185 R3,9,4973,4485,ACTIVE,7/12/2025,seed from tblMoldDesign MoldDesignID=4528,,
4486,JAE353R1-MDID-4529,JAE-353 R1,177,5040,4486,ACTIVE,7/14/2025,seed from tblMoldDesign MoldDesignID=4529,,
4487,CHG002DAB-MDID-4530,CHG-002D AB,432,5041,4487,ACTIVE,7/15/2025,seed from tblMoldDesign MoldDesignID=4530,,
4488,CHG003DAB-MDID-4531,CHG-003D AB,432,5042,4488,ACTIVE,7/15/2025,seed from tblMoldDesign MoldDesignID=4531,,
4489,CHG001R4-MDID-4532,CHG-001 R4,432,5043,4489,ACTIVE,7/16/2025,seed from tblMoldDesign MoldDesignID=4532,,
4490,ASH014D-MDID-4533,ASH-014D,123,5044,4490,ACTIVE,7/17/2025,seed from tblMoldDesign MoldDesignID=4533,,
4491,TKD023-MDID-4534,TKD-023,96,5045,4491,ACTIVE,7/18/2025,seed from tblMoldDesign MoldDesignID=4534,,
4492,OTHER圧空BOX600-MDID-4535,OTHER-圧空BOX600,244,5046,4492,ACTIVE,7/18/2025,seed from tblMoldDesign MoldDesignID=4535,,
4493,YCM076R1-MDID-4536,YCM-076 R1 NG,230,5047,4493,ACTIVE,7/22/2025,seed from tblMoldDesign MoldDesignID=4536,,
4494,KOS023-MDID-4537,KOS-023,195,5048,4494,ACTIVE,7/24/2025,seed from tblMoldDesign MoldDesignID=4537,,
4495,TE51591R2-MDID-4538,TE-5-159-1 R2,93,5049,4495,ACTIVE,7/24/2025,seed from tblMoldDesign MoldDesignID=4538,,
4496,JAE354-MDID-4539,JAE-354,177,5050,4496,ACTIVE,7/25/2025,seed from tblMoldDesign MoldDesignID=4539,,
4497,SHT020-MDID-4540,SHT-020,61,5051,4497,ACTIVE,7/26/2025,seed from tblMoldDesign MoldDesignID=4540,,
4498,MDS006D-MDID-4541,MDS-006D,210,5052,4498,ACTIVE,7/26/2025,seed from tblMoldDesign MoldDesignID=4541,,
4499,MMT019R1-MDID-4542,MMT-019 R1,218,5053,4499,ACTIVE,7/29/2025,seed from tblMoldDesign MoldDesignID=4542,,
4500,NGT002-MDID-4543,NGT-002,19,5054,4500,ACTIVE,7/29/2025,seed from tblMoldDesign MoldDesignID=4543,,
4501,KOS024-MDID-4544,KOS-024,195,5055,4501,ACTIVE,7/29/2025,seed from tblMoldDesign MoldDesignID=4544,,
4502,APS001DR5-MDID-4545,APS-001D R5,433,5056,4502,ACTIVE,7/29/2025,seed from tblMoldDesign MoldDesignID=4545,,
4503,KOS025-MDID-4546,KOS-025,195,5057,4503,ACTIVE,7/30/2025,seed from tblMoldDesign MoldDesignID=4546,,
4504,KOS026-MDID-4547,KOS-026,195,5058,4504,ACTIVE,7/30/2025,seed from tblMoldDesign MoldDesignID=4547,,
4505,RPD002R3-MDID-4548,RPD-002 R3,,,4505,ACTIVE,8/21/2025,seed from tblMoldDesign MoldDesignID=4548,,
4506,YCM076R2-MDID-4550,YCM-076 R2,230,5047,4506,ACTIVE,8/21/2025,seed from tblMoldDesign MoldDesignID=4550,,
4507,MDS007DR1-MDID-4551,MDS-007D R1,210,5059,4507,ACTIVE,8/21/2025,seed from tblMoldDesign MoldDesignID=4551,,
4508,ASC003-MDID-4552,ASC-003,122,5060,4508,ACTIVE,8/22/2025,seed from tblMoldDesign MoldDesignID=4552,,
4509,ADY131-MDID-4553,ADY-131,111,5061,4509,ACTIVE,8/22/2025,seed from tblMoldDesign MoldDesignID=4553,,
4510,APS001R6-MDID-4554,APS-001 R6,433,5062,4510,ACTIVE,8/22/2025,seed from tblMoldDesign MoldDesignID=4554,,
4511,ADY132-MDID-4555,ADY-132,111,5063,4511,ACTIVE,8/22/2025,seed from tblMoldDesign MoldDesignID=4555,,
4512,DIC164-MDID-4556,DIC-164,141,5064,4512,ACTIVE,8/22/2025,seed from tblMoldDesign MoldDesignID=4556,,
4513,ASH014R1-MDID-4558,ASH-014 R1,123,5066,4513,ACTIVE,8/26/2025,seed from tblMoldDesign MoldDesignID=4558,,
4514,ASC004-MDID-4559,ASC-004,122,5067,4514,ACTIVE,8/26/2025,seed from tblMoldDesign MoldDesignID=4559,,
4515,THP008D-MDID-4560,THP-008D,94,5068,4515,ACTIVE,8/26/2025,seed from tblMoldDesign MoldDesignID=4560,,
4516,SSM057-MDID-4561,SSM-057,81,5069,4516,ACTIVE,8/26/2025,seed from tblMoldDesign MoldDesignID=4561,,
4517,YCM077DR2-MDID-4562,YCM-077D R2,230,5070,4517,ACTIVE,8/26/2025,seed from tblMoldDesign MoldDesignID=4562,,
4518,SMK222-MDID-4563,SMK-222,71,5072,4518,ACTIVE,9/2/2025,seed from tblMoldDesign MoldDesignID=4563,,
4519,CHG002R1-MDID-4565,CHG-002AB R1,432,5073,4519,ACTIVE,9/2/2025,seed from tblMoldDesign MoldDesignID=4565,,
4520,TIH025R1-MDID-4566,TIH-025 R1,95,5074,4520,ACTIVE,9/3/2025,seed from tblMoldDesign MoldDesignID=4566,,
4521,CHG003R1-MDID-4567,CHG-003AB R1,432,5075,4521,ACTIVE,9/4/2025,seed from tblMoldDesign MoldDesignID=4567,,
4522,YCM077R2-MDID-4568,YCM-077 R2,230,5076,4522,ACTIVE,9/4/2025,seed from tblMoldDesign MoldDesignID=4568,,
4523,MDS006-MDID-4569,MDS-006,210,5077,4523,ACTIVE,9/8/2025,seed from tblMoldDesign MoldDesignID=4569,,
4524,MDS007R1-MDID-4570,MDS-007 R1,210,5078,4524,ACTIVE,9/8/2025,seed from tblMoldDesign MoldDesignID=4570,,
4525,SIT025D-MDID-4571,SIT-025D,62,5079,4525,ACTIVE,9/8/2025,seed from tblMoldDesign MoldDesignID=4571,,
4526,SIT026DR1-MDID-4572,SIT-026D R1,62,5080,4526,ACTIVE,9/8/2025,seed from tblMoldDesign MoldDesignID=4572,,
4527,SIT027D-MDID-4573,SIT-027D,62,5081,4527,ACTIVE,9/9/2025,seed from tblMoldDesign MoldDesignID=4573,,
4528,SIT028D-MDID-4574,SIT-028D,62,5082,4528,ACTIVE,9/11/2025,seed from tblMoldDesign MoldDesignID=4574,,
4529,KWE004-MDID-4575,KWE-004,202,5083,4529,ACTIVE,9/12/2025,seed from tblMoldDesign MoldDesignID=4575,,
4530,YCM010-MDID-4576,YCM-010,230,5084,4530,ACTIVE,9/12/2025,seed from tblMoldDesign MoldDesignID=4576,,
4531,KSP210-MDID-4577,KSP-210,199,5085,4531,ACTIVE,9/17/2025,seed from tblMoldDesign MoldDesignID=4577,,
4532,KSP200R2-MDID-4578,KSP-200 R2,199,1144,4532,ACTIVE,9/17/2025,seed from tblMoldDesign MoldDesignID=4578,,
4533,NHR006-MDID-4579,NHR-006,434,5087,4533,ACTIVE,9/19/2025,seed from tblMoldDesign MoldDesignID=4579,,
4534,NHK006355x-MDID-4580,NHK-006 355x,21,1428,4534,ACTIVE,9/19/2025,seed from tblMoldDesign MoldDesignID=4580,,
4535,ASP001-MDID-4581,ASP-001,435,4734,4535,ACTIVE,9/19/2025,seed from tblMoldDesign MoldDesignID=4581,,
4536,BMI003-MDID-4582,BMI-003,295,4734,4536,ACTIVE,9/19/2025,seed from tblMoldDesign MoldDesignID=4582,,
4537,KDS059-MDID-4593,KDS-059,248,5097,4537,ACTIVE,9/29/2025,seed from tblMoldDesign MoldDesignID=4593,,
4538,KDS019-MDID-4594,KDS-019,248,5098,4538,ACTIVE,9/29/2025,seed from tblMoldDesign MoldDesignID=4594,,
4539,OOT045R2-MDID-4718,OOT-045 R2,38,5201,4539,ACTIVE,2/9/2026,seed from tblMoldDesign MoldDesignID=4718,,
4540,MTM192DR3-MDID-4719,MTM-192D R3,9,5202,4540,ACTIVE,2/10/2026,seed from tblMoldDesign MoldDesignID=4719,,
4541,CHG004R3-MDID-4720,CHG-004 R3,432,5203,4541,ACTIVE,2/10/2026,seed from tblMoldDesign MoldDesignID=4720,,
4542,MTM194DR1-MDID-4721,MTM-194D R1,9,5204,4542,ACTIVE,2/12/2026,seed from tblMoldDesign MoldDesignID=4721,,
4543,MTM193DR2-MDID-4722,MTM-193D R2,9,5205,4543,ACTIVE,2/14/2026,seed from tblMoldDesign MoldDesignID=4722,,
4544,JAE365R4-MDID-4723,JAE-365 R4,177,5191,4544,ACTIVE,2/18/2026,seed from tblMoldDesign MoldDesignID=4723,,
4545,CHG001D-MDID-4724,CHG-001 D,432,5043,4545,ACTIVE,2/19/2026,seed from tblMoldDesign MoldDesignID=4724,,
4546,CHG001D-MDID-4725,CHG-001D,432,5206,4546,ACTIVE,2/19/2026,seed from tblMoldDesign MoldDesignID=4725,,
4547,CHG011D-MDID-4726,CHG-011D,432,5207,4547,ACTIVE,2/19/2026,seed from tblMoldDesign MoldDesignID=4726,,
4548,KDS031-MDID-4595,KDS-031,248,5099,4548,ACTIVE,9/29/2025,seed from tblMoldDesign MoldDesignID=4595,,
4549,KDS033-MDID-4596,KDS-033,248,5100,4549,ACTIVE,9/29/2025,seed from tblMoldDesign MoldDesignID=4596,,
4550,KDS016-MDID-4597,KDS-016,248,5101,4550,ACTIVE,9/29/2025,seed from tblMoldDesign MoldDesignID=4597,,
4551,KDS044R-MDID-4599,KDS-044 R,248,834,4551,ACTIVE,9/29/2025,seed from tblMoldDesign MoldDesignID=4599,,
4552,KDS036-MDID-4600,KDS-036,248,5102,4552,ACTIVE,9/29/2025,seed from tblMoldDesign MoldDesignID=4600,,
4553,KDS034-MDID-4601,KDS-034,248,5103,4553,ACTIVE,9/29/2025,seed from tblMoldDesign MoldDesignID=4601,,
4554,KDS020-MDID-4602,KDS-020,248,5104,4554,ACTIVE,9/29/2025,seed from tblMoldDesign MoldDesignID=4602,,
4555,KDS025-MDID-4603,KDS-025,248,5105,4555,ACTIVE,9/29/2025,seed from tblMoldDesign MoldDesignID=4603,,
4556,KDS040-MDID-4604,KDS-040,248,5106,4556,ACTIVE,9/29/2025,seed from tblMoldDesign MoldDesignID=4604,,
4557,KDS035-MDID-4605,KDS-035,248,5107,4557,ACTIVE,9/29/2025,seed from tblMoldDesign MoldDesignID=4605,,
4558,KDS029-MDID-4606,KDS-029,248,5108,4558,ACTIVE,9/29/2025,seed from tblMoldDesign MoldDesignID=4606,,
4559,KDS043-MDID-4607,KDS-043,248,5109,4559,ACTIVE,9/29/2025,seed from tblMoldDesign MoldDesignID=4607,,
4560,KYM005-MDID-4608,KYM-005,205,5110,4560,ACTIVE,9/29/2025,seed from tblMoldDesign MoldDesignID=4608,,
4561,CHG001R5-MDID-4610,CHG-001 R5,432,5043,4561,ACTIVE,9/30/2025,seed from tblMoldDesign MoldDesignID=4610,,
4562,SMK220R1-MDID-4611,SMK-220 R1,71,5111,4562,ACTIVE,9/30/2025,seed from tblMoldDesign MoldDesignID=4611,,
4563,SMK221-MDID-4612,SMK-221,71,5112,4563,ACTIVE,9/30/2025,seed from tblMoldDesign MoldDesignID=4612,,
4564,JAE360-MDID-4635,JAE-360,177,5131,4564,ACTIVE,10/22/2025,seed from tblMoldDesign MoldDesignID=4635,,
4565,TE24941471-MDID-4636,TE-2494147-1,93,5132,4565,ACTIVE,10/22/2025,seed from tblMoldDesign MoldDesignID=4636,,
4566,MCT004-MDID-4637,MCT-004,346,5133,4566,ACTIVE,10/27/2025,seed from tblMoldDesign MoldDesignID=4637,,
4567,TE11632R6-MDID-4639,TE-1-163-2 R6,93,8,4567,ACTIVE,10/29/2025,seed from tblMoldDesign MoldDesignID=4639,,
4568,ASH015R1-MDID-4640,ASH-015 R1,123,5135,4568,ACTIVE,10/30/2025,seed from tblMoldDesign MoldDesignID=4640,,
4569,ASH016R1-MDID-4641,ASH-016 R1,123,5136,4569,ACTIVE,10/30/2025,seed from tblMoldDesign MoldDesignID=4641,,
4570,ASH017D-MDID-4642,ASH-017 D,123,5137,4570,ACTIVE,11/5/2025,seed from tblMoldDesign MoldDesignID=4642,,
4571,YCM078D-MDID-4643,YCM-078D,230,5138,4571,ACTIVE,11/5/2025,seed from tblMoldDesign MoldDesignID=4643,,
4572,JAE362R1-MDID-4644,JAE-362 R1,177,5139,4572,ACTIVE,11/7/2025,seed from tblMoldDesign MoldDesignID=4644,,
4573,RPD003R5-MDID-4645,RPD-003 R5,428,5140,4573,ACTIVE,11/10/2025,seed from tblMoldDesign MoldDesignID=4645,,
4574,THP008R1-MDID-4646,THP-008 R1,94,5141,4574,ACTIVE,11/11/2025,seed from tblMoldDesign MoldDesignID=4646,,
4575,KSP211DR3-MDID-4710,KSP-211D R3,199,5194,4575,ACTIVE,1/28/2026,seed from tblMoldDesign MoldDesignID=4710,,
4576,PB470x400x35-MDID-4711,PB 470x400x35,244,1632,4576,ACTIVE,1/29/2026,seed from tblMoldDesign MoldDesignID=4711,,
4577,JAE371-MDID-4712,JAE-371,177,5196,4577,ACTIVE,1/29/2026,seed from tblMoldDesign MoldDesignID=4712,,
4578,SIT029-MDID-4713,SIT-029,62,5193,4578,ACTIVE,2/3/2026,seed from tblMoldDesign MoldDesignID=4713,,
4579,STT002DR1-MDID-4714,STT-002 DR1,436,5197,4579,ACTIVE,2/3/2026,seed from tblMoldDesign MoldDesignID=4714,,
4580,KOS030-MDID-4715,KOS-030,195,5198,4580,ACTIVE,2/4/2026,seed from tblMoldDesign MoldDesignID=4715,,
4581,KOS031-MDID-4716,KOS-031,195,5199,4581,ACTIVE,2/4/2026,seed from tblMoldDesign MoldDesignID=4716,,
4582,JAE367R5-MDID-4717,JAE-367 R5,177,5200,4582,ACTIVE,2/5/2026,seed from tblMoldDesign MoldDesignID=4717,,
4583,JAE366R2-MDID-4727,JAE-366 R2,177,5192,4583,ACTIVE,2/19/2026,seed from tblMoldDesign MoldDesignID=4727,,
4584,JAE371R1-MDID-4728,JAE-371 R1,177,5196,4584,ACTIVE,2/19/2026,seed from tblMoldDesign MoldDesignID=4728,,
4585,MTM190R2-MDID-4729,MTM-190 R2,9,5208,4585,ACTIVE,2/20/2026,seed from tblMoldDesign MoldDesignID=4729,,
4586,SMK218R3-MDID-4730,SMK-218 R3,71,5209,4586,ACTIVE,2/20/2026,seed from tblMoldDesign MoldDesignID=4730,,
4587,JAE372R1-MDID-4731,JAE-372 R1,177,5210,4587,ACTIVE,2/24/2026,seed from tblMoldDesign MoldDesignID=4731,,
4588,TH056梱包-MDID-4746,TH-056 梱包,243,2496,4588,ACTIVE,3/10/2026,seed from tblMoldDesign MoldDesignID=4746,,
